5.963000000000000256e+01
5.964999999999999858e+01
5.978999999999999915e+01
5.989999999999999858e+01
5.992000000000000171e+01
5.995000000000000284e+01
5.996999999999999886e+01
5.992000000000000171e+01
5.989999999999999858e+01
6.003999999999999915e+01
6.018999999999999773e+01
6.029999999999999716e+01
6.053000000000000114e+01
6.072999999999999687e+01
6.092999999999999972e+01
6.100000000000000000e+01
6.096000000000000085e+01
6.090999999999999659e+01
6.086999999999999744e+01
6.086999999999999744e+01
6.089000000000000057e+01
6.103000000000000114e+01
6.122999999999999687e+01
6.145000000000000284e+01
6.153999999999999915e+01
6.157000000000000028e+01
6.167999999999999972e+01
6.181000000000000227e+01
6.200999999999999801e+01
6.217000000000000171e+01
6.231000000000000227e+01
6.238000000000000256e+01
6.235000000000000142e+01
6.220000000000000284e+01
6.199000000000000199e+01
6.175000000000000000e+01
6.163000000000000256e+01
6.153999999999999915e+01
6.152000000000000313e+01
6.150000000000000000e+01
6.163000000000000256e+01
6.181000000000000227e+01
6.200999999999999801e+01
6.206000000000000227e+01
6.192000000000000171e+01
6.170000000000000284e+01
6.152000000000000313e+01
6.129999999999999716e+01
6.117999999999999972e+01
6.127000000000000313e+01
6.129999999999999716e+01
6.122999999999999687e+01
6.125000000000000000e+01
6.135999999999999943e+01
6.135999999999999943e+01
6.152000000000000313e+01
6.207999999999999829e+01
6.290999999999999659e+01
6.401999999999999602e+01
6.539000000000000057e+01
6.651000000000000512e+01
6.759000000000000341e+01
6.812999999999999545e+01
6.795999999999999375e+01
6.750000000000000000e+01
6.695999999999999375e+01
6.654000000000000625e+01
6.590999999999999659e+01
6.528000000000000114e+01
6.473999999999999488e+01
6.418000000000000682e+01
6.378999999999999915e+01
6.350000000000000000e+01
6.325000000000000000e+01
6.307000000000000028e+01
6.292000000000000171e+01
6.292000000000000171e+01
6.300999999999999801e+01
6.322999999999999687e+01
6.366933333333332001e+01
6.368866666666665566e+01
6.381133333333333724e+01
6.392799999999999727e+01
6.365066666666666606e+01
6.321466666666666612e+01
6.267866666666667186e+01
6.214866666666667072e+01
6.164133333333333553e+01
6.116666666666666430e+01
6.085066666666666890e+01
6.057200000000000273e+01
6.034666666666666401e+01
6.013266666666665827e+01
6.004133333333332700e+01
6.003133333333332189e+01
5.997066666666668056e+01
5.983999999999999631e+01
5.967999999999998550e+01
5.957799999999998875e+01
5.948866666666667413e+01
5.937200000000000699e+01
5.929533333333332479e+01
5.921199999999999619e+01
5.911866666666667669e+01
5.905399999999999494e+01
5.899666666666666970e+01
5.900266666666666993e+01
5.895571428571427930e+01
5.886466666666667891e+01
5.884333333333333371e+01
5.883133333333332615e+01
5.880600000000001160e+01
5.878133333333332189e+01
5.879133333333333411e+01
5.882666666666667510e+01
5.884600000000001074e+01
5.887799999999999301e+01
5.894466666666666299e+01
5.897533333333333161e+01
5.901266666666665373e+01
5.904333333333332945e+01
5.905066666666665043e+01
5.910266666666666424e+01
5.909533333333334326e+01
5.913466666666666072e+01
5.914466666666665873e+01
5.915533333333331001e+01
5.917866666666665765e+01
5.924800000000001177e+01
5.925466666666666526e+01
5.920866666666666589e+01
5.924733333333333718e+01
5.920199999999999108e+01
5.917799999999999017e+01
5.917199999999999704e+01
5.914266666666665628e+01
5.919199999999998596e+01
5.923133333333332473e+01
5.940599999999999170e+01
5.946800000000000352e+01
5.951666666666665151e+01
5.958733333333334770e+01
5.956066666666666265e+01
5.955799999999999983e+01
5.943666666666665321e+01
5.930466666666666242e+01
5.915333333333332888e+01
5.915400000000000347e+01
5.936800000000000210e+01
5.959928571428571331e+01
5.978333333333333854e+01
5.987866666666666760e+01
5.989999999999998437e+01
6.012800000000000011e+01
6.053466666666668061e+01
6.057666666666668220e+01
6.048933333333333451e+01
6.030133333333334633e+01
6.016733333333333178e+01
6.014866666666667072e+01
6.001999999999999602e+01
6.013999999999999346e+01
6.034999999999999432e+01
6.074133333333331564e+01
6.083399999999999608e+01
6.112399999999999523e+01
6.219533333333333758e+01
6.399666666666666970e+01
6.580266666666666708e+01
6.721066666666666833e+01
6.834866666666667356e+01
6.865533333333334554e+01
6.874399999999999977e+01
6.826399999999999579e+01
6.756266666666667220e+01
6.712466666666665560e+01
6.705133333333333212e+01
6.669533333333333758e+01
6.599466666666666015e+01
6.496733333333332894e+01
6.377866666666667328e+01
6.265133333333333354e+01
6.164733333333334286e+01
6.078733333333333633e+01
6.013266666666665827e+01
5.953200000000001069e+01
5.911266666666665515e+01
5.879133333333333411e+01
5.852666666666665662e+01
5.828133333333332899e+01
5.803200000000000358e+01
5.779266666666667618e+01
5.750333333333334451e+01
5.726933333333333564e+01
5.701066666666665839e+01
5.679133333333334832e+01
5.664266666666666339e+01
5.650999999999999801e+01
5.639866666666667072e+01
5.636066666666667402e+01
5.633933333333334303e+01
5.629533333333333900e+01
5.633600000000001273e+01
5.636466666666665759e+01
5.645133333333333070e+01
5.658666666666667311e+01
5.666266666666665941e+01
5.673733333333332496e+01
5.683666666666666600e+01
5.689933333333333110e+01
5.691600000000000392e+01
5.687933333333333508e+01
5.680399999999999494e+01
5.674933333333333962e+01
5.666799999999998505e+01
5.663533333333332109e+01
5.664199999999998880e+01
5.663199999999999790e+01
5.656533333333332791e+01
5.645733333333332382e+01
5.637400000000000944e+01
5.630799999999999983e+01
5.618133333333332757e+01
5.605066666666666464e+01
5.596666666666666856e+01
5.577466666666666839e+01
5.547666666666666657e+01
5.522799999999999443e+01
5.498400000000000176e+01
5.469333333333334224e+01
5.442066666666666208e+01
5.420933333333333337e+01
5.413266666666666538e+01
5.435066666666666890e+01
5.450533333333333275e+01
5.469666666666667254e+01
5.482666666666666799e+01
5.497799999999999443e+01
5.503066666666666151e+01
5.499266666666666481e+01
5.501533333333333786e+01
5.502399999999999380e+01
5.513733333333333064e+01
5.559333333333334792e+01
5.621000000000000085e+01
5.711133333333332729e+01
5.805733333333332524e+01
5.910600000000000165e+01
6.011933333333332996e+01
6.119933333333333536e+01
6.241866666666666674e+01
6.376733333333334031e+01
6.508333333333332860e+01
6.632800000000000296e+01
6.754933333333333678e+01
6.880333333333332746e+01
6.995933333333331916e+01
7.107866666666664912e+01
7.218800000000001660e+01
7.319066666666667231e+01
7.400466666666667948e+01
7.478066666666667572e+01
7.560533333333333417e+01
7.640133333333332644e+01
7.701466666666667038e+01
7.749133333333334406e+01
7.788933333333334019e+01
7.809866666666665935e+01
7.799266666666667902e+01
7.770399999999997931e+01
7.744999999999998863e+01
7.709933333333334815e+01
7.663066666666665583e+01
7.568933333333332314e+01
7.416000000000001080e+01
7.208266666666666822e+01
6.963066666666667004e+01
6.745466666666665390e+01
6.558266666666666822e+01
6.393599999999999284e+01
6.250666666666666771e+01
6.128866666666667129e+01
6.026800000000000068e+01
5.937133333333333240e+01
5.863533333333334241e+01
5.807866666666666333e+01
5.759133333333333837e+01
5.717866666666667186e+01
5.688399999999999324e+01
5.657799999999999585e+01
5.638000000000000966e+01
5.619133333333331848e+01
5.601066666666667260e+01
5.587866666666666049e+01
5.568933333333333735e+01
5.549199999999999022e+01
5.530266666666667419e+01
5.516333333333332689e+01
5.506400000000000006e+01
5.489933333333333820e+01
5.468933333333333735e+01
5.452133333333333809e+01
5.428733333333333633e+01
5.414533333333334042e+01
5.402000000000000313e+01
5.387800000000000722e+01
5.379466666666665731e+01
5.378666666666666885e+01
5.373866666666666703e+01
5.372066666666668056e+01
5.374600000000000222e+01
5.374600000000000222e+01
5.376999999999999602e+01
5.381866666666667953e+01
5.386533333333333928e+01
5.384133333333333837e+01
5.386266666666666225e+01
5.391266666666665230e+01
5.392199999999999704e+01
5.391933333333331291e+01
5.382600000000001472e+01
5.379399999999999693e+01
5.376200000000000756e+01
5.372066666666668056e+01
5.373466666666666214e+01
5.384133333333333127e+01
5.392733333333333690e+01
5.400933333333331632e+01
5.407266666666667732e+01
5.414733333333332155e+01
5.419866666666666788e+01
5.427799999999999159e+01
5.429600000000000648e+01
5.433066666666666578e+01
5.441066666666667828e+01
5.447533333333333871e+01
5.447066666666668056e+01
5.447200000000000841e+01
5.451266666666666083e+01
5.457266666666667021e+01
5.499785714285714278e+01
5.563133333333333752e+01
5.595066666666665611e+01
5.605266666666665998e+01
5.611599999999999966e+01
5.621400000000000574e+01
5.636933333333332286e+01
5.662599999999999767e+01
5.740000000000000568e+01
5.856466666666666754e+01
6.004533333333334610e+01
6.092000000000000171e+01
6.167399999999999949e+01
6.204066666666667373e+01
6.246466666666666612e+01
6.337866666666666049e+01
6.482333333333333769e+01
6.628133333333333610e+01
6.808266666666668243e+01
6.992533333333332735e+01
7.168666666666666742e+01
7.353266666666667106e+01
7.512333333333334906e+01
7.643066666666666720e+01
7.733266666666666822e+01
7.795600000000000307e+01
7.846266666666666367e+01
7.874666666666666970e+01
7.842800000000001148e+01
7.752466666666666129e+01
7.618133333333334178e+01
7.422333333333334338e+01
7.210466666666665958e+01
7.016533333333333644e+01
6.836799999999999500e+01
6.673866666666667413e+01
6.538666666666667027e+01
6.425733333333333519e+01
6.331799999999999784e+01
6.248733333333333206e+01
6.174666666666666970e+01
6.113466666666667493e+01
6.056400000000000006e+01
6.007285714285713851e+01
5.971857142857142264e+01
5.942133333333332956e+01
5.922133333333331962e+01
5.898933333333332030e+01
5.877266666666665884e+01
5.855133333333333212e+01
5.832266666666666310e+01
5.811933333333332996e+01
5.792066666666666919e+01
5.778399999999999892e+01
5.767533333333332735e+01
5.750533333333333275e+01
5.740533333333333132e+01
5.732266666666666310e+01
5.726266666666666794e+01
5.722133333333333383e+01
5.717933333333333223e+01
5.714333333333333087e+01
5.707933333333332371e+01
5.701600000000000534e+01
5.696333333333333826e+01
5.694799999999999329e+01
5.690466666666666384e+01
5.687266666666666737e+01
5.676200000000000756e+01
5.666533333333332934e+01
5.659733333333334571e+01
5.653999999999999915e+01
5.645733333333331672e+01
5.638866666666667982e+01
5.626400000000000290e+01
5.624066666666666947e+01
5.619199999999998596e+01
5.609000000000001052e+01
5.607000000000001450e+01
5.605999999999999517e+01
5.604000000000001336e+01
5.607600000000001472e+01
5.604866666666666930e+01
5.602466666666666839e+01
5.596266666666666367e+01
5.589999999999999858e+01
5.582533333333332592e+01
5.570866666666666589e+01
5.559133333333333837e+01
5.546733333333333604e+01
5.532799999999998875e+01
5.523266666666666680e+01
5.513066666666667714e+01
5.505266666666666708e+01
5.492733333333332268e+01
5.488533333333332820e+01
5.487466666666666981e+01
5.496733333333333604e+01
5.504933333333335099e+01
5.520199999999999108e+01
5.543999999999999062e+01
5.565466666666666384e+01
5.597600000000001330e+01
5.624933333333333962e+01
5.666266666666667362e+01
5.730733333333333235e+01
5.808399999999999608e+01
5.898200000000000642e+01
5.999466666666667436e+01
6.117933333333333223e+01
6.216266666666665941e+01
6.297400000000000375e+01
6.374866666666666504e+01
6.461266666666666936e+01
6.496399999999999864e+01
6.526533333333331655e+01
6.580466666666667663e+01
6.687733333333332553e+01
6.813142857142858588e+01
6.896133333333334292e+01
6.948000000000000398e+01
6.974600000000000932e+01
6.957399999999999807e+01
6.908266666666666822e+01
6.832466666666667265e+01
6.739133333333333553e+01
6.649666666666666970e+01
6.550133333333333496e+01
6.436933333333334417e+01
6.325333333333333741e+01
6.229599999999999937e+01
6.142666666666666231e+01
6.070933333333333337e+01
6.006333333333333968e+01
5.952199999999999847e+01
5.900333333333333030e+01
5.855266666666666708e+01
5.813666666666666316e+01
5.774400000000000688e+01
5.742600000000000904e+01
5.712199999999999989e+01
5.692600000000000193e+01
5.670666666666666345e+01
5.658066666666665867e+01
5.646133333333332871e+01
5.632333333333333769e+01
5.618066666666666009e+01
5.601133333333334008e+01
5.585399999999999920e+01
5.571799999999999642e+01
5.558599999999999852e+01
5.540266666666666850e+01
5.526533333333333786e+01
5.509533333333332195e+01
5.491400000000000148e+01
5.478733333333332922e+01
5.469066666666665810e+01
5.456399999999999295e+01
5.445066666666666322e+01
5.433933333333334303e+01
5.423466666666666214e+01
5.408599999999999852e+01
5.396466666666667322e+01
5.389999999999999858e+01
5.379733333333332013e+01
5.377428571428570336e+01
5.380066666666665753e+01
5.381199999999999051e+01
5.381666666666667709e+01
5.379799999999999471e+01
5.376266666666666083e+01
5.367066666666666208e+01
5.361666666666667425e+01
5.363933333333332598e+01
5.356333333333331836e+01
5.351533333333332365e+01
5.349333333333333940e+01
5.343533333333333246e+01
5.341733333333331757e+01
5.341333333333331979e+01
5.355799999999999983e+01
5.382133333333334235e+01
5.409733333333333150e+01
5.435400000000000631e+01
5.456133333333333724e+01
5.466533333333332223e+01
5.481866666666665822e+01
5.494466666666665589e+01
5.504466666666665731e+01
5.510133333333333638e+01
5.511133333333332729e+01
5.517533333333332735e+01
5.551333333333333542e+01
5.558200000000000074e+01
5.589000000000000057e+01
5.609600000000000364e+01
5.623000000000000398e+01
5.643600000000000705e+01
5.660466666666665958e+01
5.682200000000000273e+01
5.710399999999999920e+01
5.740399999999999636e+01
5.791600000000000392e+01
5.869466666666666299e+01
6.024933333333333252e+01
6.171666666666666856e+01
6.305799999999999983e+01
6.513333333333331154e+01
6.714399999999999125e+01
6.902533333333333587e+01
7.071066666666665412e+01
7.254600000000000648e+01
7.440133333333332644e+01
7.579733333333334144e+01
7.692466666666665276e+01
7.780933333333332769e+01
7.843733333333332780e+01
7.878533333333331257e+01
7.884999999999999432e+01
7.884133333333333837e+01
7.870866666666667300e+01
7.853799999999999670e+01
7.823399999999999466e+01
7.712066666666667913e+01
7.542066666666667629e+01
7.335200000000001808e+01
7.077600000000001046e+01
6.857133333333332814e+01
6.675400000000000489e+01
6.528933333333333167e+01
6.406133333333335145e+01
6.303200000000001069e+01
6.219333333333333513e+01
6.150600000000000023e+01
6.099466666666666725e+01
6.054999999999999716e+01
6.017500000000000426e+01
5.984466666666666868e+01
5.957733333333333547e+01
5.932999999999999829e+01
5.909000000000001052e+01
5.889466666666668004e+01
5.870733333333333093e+01
5.857000000000000028e+01
5.843933333333333024e+01
5.829799999999999471e+01
5.823866666666666703e+01
5.817266666666666453e+01
5.808999999999999631e+01
5.803066666666666151e+01
5.798666666666667879e+01
5.794466666666667010e+01
5.787733333333333974e+01
5.780066666666666464e+01
5.771733333333334315e+01
5.764999999999999858e+01
5.756733333333331615e+01
5.752333333333332632e+01
5.747466666666668544e+01
5.742933333333332513e+01
5.740933333333331490e+01
5.736733333333333462e+01
5.727133333333333098e+01
5.716666666666665719e+01
5.711466666666667891e+01
5.704933333333333678e+01
5.702333333333332632e+01
5.697600000000000620e+01
5.707200000000000273e+01
5.709800000000000608e+01
5.685066666666667601e+01
5.668866666666666276e+01
5.652066666666666350e+01
5.638333333333333997e+01
5.621933333333332428e+01
5.616533333333332934e+01
5.615399999999999636e+01
5.634133333333333837e+01
5.641333333333334110e+01
5.650133333333333496e+01
5.660999999999999943e+01
5.673866666666666703e+01
5.675533333333332564e+01
5.686999999999999744e+01
5.697866666666666902e+01
5.685533333333332706e+01
5.681266666666667220e+01
5.721333333333333826e+01
5.802333333333333343e+01
5.897733333333334116e+01
5.952066666666667061e+01
6.016066666666666407e+01
6.119533333333332337e+01
6.234733333333333860e+01
6.362666666666666515e+01
6.489866666666667072e+01
6.605266666666666708e+01
6.688533333333332109e+01
6.791400000000000148e+01
6.876333333333333542e+01
6.947466666666666413e+01
7.019266666666666765e+01
7.094466666666667720e+01
7.137866666666667470e+01
7.185533333333333417e+01
7.230066666666667174e+01
7.260933333333332484e+01
7.297066666666667345e+01
7.338600000000000989e+01
7.425799999999998136e+01
7.519533333333333758e+01
7.569733333333333292e+01
7.610933333333331063e+01
7.656533333333332791e+01
7.682799999999998875e+01
7.651800000000000068e+01
7.587933333333332087e+01
7.532733333333334258e+01
7.455066666666667174e+01
7.356666666666666288e+01
7.223333333333333428e+01
7.048399999999999466e+01
6.878333333333333144e+01
6.725933333333333053e+01
6.592199999999999704e+01
6.475399999999999068e+01
6.373199999999999221e+01
6.290466666666667095e+01
6.219066666666666521e+01
6.158666666666667311e+01
6.112333333333333485e+01
6.068266666666667675e+01
6.028200000000000358e+01
5.993733333333332780e+01
5.966466666666667606e+01
5.946666666666666856e+01
5.932466666666665844e+01
5.920999999999999375e+01
5.908133333333332615e+01
5.896933333333333138e+01
5.885266666666666424e+01
5.867266666666667874e+01
5.851266666666666794e+01
5.834066666666667089e+01
5.823600000000001131e+01
5.814599999999998658e+01
5.811800000000000921e+01
5.810666666666668334e+01
5.808133333333333326e+01
5.804199999999999449e+01
5.803399999999999181e+01
5.806800000000001205e+01
5.815199999999999392e+01
5.813599999999999568e+01
5.807533333333331171e+01
5.798266666666667390e+01
5.785866666666666447e+01
5.773066666666667146e+01
5.760533333333331996e+01
5.747133333333334093e+01
5.739200000000001012e+01
5.728666666666665463e+01
5.719933333333332826e+01
5.714866666666666362e+01
5.714999999999999147e+01
5.713933333333332598e+01
5.716866666666665964e+01
5.721733333333333604e+01
5.729600000000000648e+01
5.712214285714284046e+01
5.690666666666666629e+01
5.663400000000000745e+01
5.648400000000000176e+01
5.659133333333333127e+01
5.667733333333333690e+01
5.672333333333333627e+01
5.680199999999999960e+01
5.691400000000000148e+01
5.691133333333332445e+01
5.675866666666666305e+01
5.676200000000000756e+01
5.673133333333332473e+01
5.699266666666667192e+01
5.742333333333333201e+01
5.789866666666667072e+01
5.848928571428570677e+01
5.898600000000000421e+01
5.920733333333333093e+01
5.934266666666667334e+01
5.940733333333334087e+01
5.952799999999999159e+01
5.957800000000000296e+01
5.961999999999999744e+01
5.964466666666666583e+01
5.982266666666667021e+01
5.999466666666666725e+01
6.004533333333333900e+01
6.004333333333332945e+01
6.031333333333333968e+01
6.076800000000000068e+01
6.169666666666667254e+01
6.252133333333334519e+01
6.281400000000000716e+01
6.289666666666665407e+01
6.280399999999999494e+01
6.342466666666666697e+01
6.462199999999999989e+01
6.483800000000000807e+01
6.470000000000000284e+01
6.443266666666667675e+01
6.511866666666666958e+01
6.570133333333333781e+01
6.563266666666666538e+01
6.511466666666666470e+01
6.450866666666667015e+01
6.369000000000000483e+01
6.290066666666666606e+01
6.217999999999999972e+01
6.165066666666667317e+01
6.121266666666667078e+01
6.092866666666666475e+01
6.076400000000000290e+01
6.065999999999999659e+01
6.048466666666666214e+01
6.026400000000001711e+01
6.015733333333332666e+01
6.007266666666664889e+01
5.995733333333333093e+01
5.987000000000000455e+01
5.982200000000000983e+01
5.983466666666667777e+01
5.986133333333334150e+01
5.987199999999999989e+01
5.986133333333334861e+01
5.980666666666665776e+01
5.967333333333333201e+01
5.948599999999999710e+01
5.931466666666666043e+01
5.911600000000000676e+01
5.892933333333333934e+01
5.878066666666666862e+01
5.857866666666667044e+01
5.841533333333332934e+01
5.826066666666666549e+01
5.812466666666666981e+01
5.800600000000000733e+01
5.786999999999999744e+01
5.776400000000000290e+01
5.771000000000000796e+01
5.762600000000000477e+01
5.752000000000000313e+01
5.744999999999999574e+01
5.736800000000000210e+01
5.732933333333333081e+01
5.727133333333333098e+01
5.723533333333332251e+01
5.715399999999999636e+01
5.707933333333333792e+01
5.705799999999999272e+01
5.700600000000000733e+01
5.693133333333332757e+01
5.675866666666667726e+01
5.666266666666665941e+01
5.656466666666666043e+01
5.643733333333332070e+01
5.634333333333333371e+01
5.620999999999999375e+01
5.610800000000001830e+01
5.616133333333333866e+01
5.631866666666666532e+01
5.645799999999999130e+01
5.663133333333333042e+01
5.674199999999999022e+01
5.678866666666666418e+01
5.681733333333333036e+01
5.686866666666666248e+01
5.695600000000000307e+01
5.690933333333332911e+01
5.697866666666666191e+01
5.718200000000000216e+01
5.762266666666666026e+01
5.852799999999999159e+01
5.954200000000000870e+01
6.043533333333333957e+01
6.123400000000000176e+01
6.193466666666667209e+01
6.278000000000000114e+01
6.376666666666666572e+01
6.502599999999999625e+01
6.638200000000000500e+01
6.756866666666667243e+01
6.854933333333333678e+01
6.937799999999998590e+01
7.009333333333333371e+01
7.113733333333333064e+01
7.200333333333333030e+01
7.272466666666666413e+01
7.311000000000002785e+01
7.330399999999998784e+01
7.335866666666666447e+01
7.349266666666666481e+01
7.423733333333332496e+01
7.502133333333333098e+01
7.578999999999999204e+01
7.625333333333333030e+01
7.654800000000000182e+01
7.642533333333334156e+01
7.600066666666666038e+01
7.558599999999998431e+01
7.496266666666666367e+01
7.411733333333333462e+01
7.296999999999999886e+01
7.111799999999999500e+01
6.906933333333333280e+01
6.724799999999999045e+01
6.560266666666666424e+01
6.423133333333333894e+01
6.323933333333332740e+01
6.243866666666666987e+01
6.177333333333332632e+01
6.119000000000000483e+01
6.066400000000000148e+01
6.022666666666666657e+01
5.984666666666666401e+01
5.954933333333332968e+01
5.926399999999999579e+01
5.903066666666666151e+01
5.886466666666668601e+01
5.872733333333334116e+01
5.858666666666666600e+01
5.854933333333332968e+01
5.855933333333333479e+01
5.850800000000000267e+01
5.844600000000000506e+01
5.842399999999999949e+01
5.843399999999999750e+01
5.838800000000000523e+01
5.832733333333334969e+01
5.835599999999999454e+01
5.842866666666667186e+01
5.845466666666667521e+01
5.850533333333332564e+01
5.852199999999999847e+01
5.860933333333333195e+01
5.872599999999999199e+01
5.880600000000000449e+01
5.886533333333332507e+01
5.898466666666666214e+01
5.905266666666665998e+01
5.907933333333335213e+01
5.909400000000001540e+01
5.911999999999999744e+01
5.914133333333332843e+01
5.916533333333332223e+01
5.918600000000000705e+01
5.918333333333333002e+01
5.914066666666666094e+01
5.913866666666665850e+01
5.912266666666667447e+01
5.910066666666667601e+01
5.910733333333334372e+01
5.913333333333333286e+01
5.915466666666667095e+01
5.919133333333332558e+01
5.935933333333331774e+01
5.942733333333332979e+01
5.959066666666667089e+01
5.968733333333332780e+01
5.981466666666667464e+01
5.986733333333333462e+01
5.979933333333333678e+01
5.964733333333333576e+01
5.950066666666666038e+01
5.939800000000000324e+01
5.927400000000000801e+01
5.915666666666666629e+01
5.901666666666666572e+01
5.890000000000000568e+01
5.880066666666665043e+01
5.878800000000000381e+01
5.902199999999999847e+01
5.935466666666665958e+01
5.957733333333333547e+01
5.977533333333332877e+01
6.013066666666667004e+01
6.045000000000000284e+01
6.090533333333333132e+01
6.124199999999999733e+01
6.143466666666667209e+01
6.156733333333334457e+01
6.167600000000000904e+01
6.190866666666667584e+01
6.203933333333333877e+01
6.210399999999999920e+01
6.215266666666666140e+01
6.224866666666665083e+01
6.250466666666667237e+01
6.263999999999999346e+01
6.273333333333332718e+01
6.304866666666665509e+01
6.352733333333334542e+01
6.430933333333334190e+01
6.523933333333333451e+01
6.567599999999998772e+01
6.586066666666667402e+01
6.542666666666666231e+01
6.501599999999999113e+01
6.471333333333333826e+01
6.422333333333332916e+01
6.370533333333332848e+01
6.320533333333332848e+01
6.268933333333333024e+01
6.219333333333334224e+01
6.185133333333332217e+01
6.152666666666667084e+01
6.128200000000000358e+01
6.100666666666666060e+01
6.081066666666665554e+01
6.066666666666665719e+01
6.052199999999999847e+01
6.036333333333333684e+01
6.024133333333334406e+01
6.020800000000001262e+01
6.014333333333333087e+01
6.008866666666666134e+01
6.001466666666667038e+01
6.002066666666666350e+01
5.999333333333333940e+01
5.996266666666667078e+01
5.990214285714284870e+01
5.983266666666668243e+01
5.983600000000000563e+01
5.990133333333333354e+01
5.997599999999999909e+01
6.002399999999999380e+01
6.003533333333331967e+01
6.002733333333332411e+01
6.000666666666667481e+01
5.996066666666667544e+01
5.997333333333334338e+01
6.003533333333331967e+01
6.005866666666666021e+01
5.995333333333334025e+01
5.987400000000000233e+01
5.987333333333333485e+01
5.988333333333332575e+01
5.992533333333335577e+01
5.994933333333334957e+01
5.995200000000001950e+01
5.996600000000000819e+01
5.998333333333334139e+01
5.990466666666666384e+01
5.980266666666666708e+01
5.972933333333334360e+01
5.962133333333333951e+01
5.956333333333333968e+01
5.948933333333334161e+01
5.942066666666665498e+01
5.938200000000001211e+01
5.931533333333334213e+01
5.925399999999999778e+01
5.920199999999999108e+01
5.912933333333333508e+01
5.903799999999998960e+01
5.896800000000001063e+01
5.891333333333331979e+01
5.887866666666666760e+01
5.883733333333334059e+01
5.881866666666667243e+01
5.876466666666667038e+01
5.880133333333334633e+01
5.903399999999999892e+01
5.946066666666666123e+01
6.018999999999999062e+01
6.091733333333333889e+01
6.169866666666666788e+01
6.276133333333333297e+01
6.375199999999999534e+01
6.443666666666666742e+01
6.479799999999998761e+01
6.573733333333332496e+01
6.698399999999999466e+01
6.792333333333334622e+01
6.889466666666665162e+01
6.926133333333334008e+01
6.901399999999999579e+01
6.842466666666668118e+01
6.774133333333332985e+01
6.710571428571428498e+01
6.647866666666668323e+01
6.594199999999999307e+01
6.548933333333333451e+01
6.506133333333333724e+01
6.467999999999999261e+01
6.438466666666667493e+01
6.417599999999998772e+01
6.402866666666666617e+01
6.386933333333334417e+01
6.378000000000000114e+01
6.366666666666665719e+01
6.357399999999999096e+01
6.341999999999999460e+01
6.325199999999998823e+01
6.304933333333333678e+01
6.281066666666666265e+01
6.255599999999999739e+01
6.232133333333333525e+01
6.208466666666666356e+01
6.184333333333332661e+01
6.160533333333334127e+01
6.140533333333333132e+01
6.124400000000000688e+01
6.113199999999999790e+01
6.108333333333334281e+01
6.091600000000000392e+01
6.066266666666667362e+01
6.043400000000000460e+01
6.035133333333333638e+01
6.032066666666666777e+01
6.031933333333333991e+01
6.022266666666666168e+01
6.019266666666667476e+01
6.019599999999999085e+01
6.017133333333332246e+01
6.013799999999999812e+01
6.010800000000001120e+01
6.011533333333333928e+01
6.011200000000000898e+01
6.003200000000000358e+01
5.992733333333332979e+01
5.977266666666667305e+01
5.959533333333332905e+01
5.939600000000000080e+01
5.917399999999999238e+01
5.894066666666666521e+01
5.869999999999999574e+01
5.850866666666666305e+01
5.833733333333331927e+01
5.825466666666667237e+01
5.813066666666667714e+01
5.803066666666666151e+01
5.795600000000001017e+01
5.795666666666667766e+01
5.796200000000000330e+01
5.801133333333332587e+01
5.804799999999998050e+01
5.807200000000000983e+01
5.813399999999999324e+01
5.815533333333333132e+01
5.810400000000000631e+01
5.808133333333334036e+01
5.807133333333332814e+01
5.803933333333332456e+01
5.799266666666667192e+01
5.794533333333334468e+01
5.786533333333333218e+01
5.773133333333332473e+01
5.759466666666666157e+01
5.745599999999998886e+01
5.740666666666665918e+01
5.730466666666666242e+01
5.723600000000000421e+01
5.714599999999999369e+01
5.709266666666667334e+01
5.705333333333332035e+01
5.701466666666667038e+01
5.700466666666666526e+01
5.706733333333333036e+01
5.712333333333332774e+01
5.717933333333333223e+01
5.719199999999998596e+01
5.720666666666667766e+01
5.722666666666667368e+01
5.731933333333334701e+01
5.728533333333333388e+01
5.725800000000000978e+01
5.720800000000001262e+01
5.716133333333333866e+01
5.714133333333332843e+01
5.708600000000001273e+01
5.710133333333335059e+01
5.712799999999999301e+01
5.714399999999999835e+01
5.709733333333335281e+01
5.712666666666666515e+01
5.713466666666666072e+01
5.718333333333335133e+01
5.724933333333333252e+01
5.725133333333334917e+01
5.725933333333332342e+01
5.734133333333332416e+01
5.747733333333333405e+01
5.755399999999999494e+01
5.764800000000000324e+01
5.775399999999999778e+01
5.778733333333332212e+01
5.786866666666666958e+01
5.790200000000000102e+01
5.793399999999999750e+01
5.799333333333333229e+01
5.805266666666665998e+01
5.807533333333334014e+01
5.804999999999999005e+01
5.796199999999999619e+01
5.783066666666665867e+01
5.771333333333333826e+01
5.754266666666667618e+01
5.738133333333333752e+01
5.720866666666667300e+01
5.689733333333333576e+01
5.649000000000000199e+01
5.616000000000000369e+01
5.592399999999999949e+01
5.568466666666667919e+01
5.542200000000001125e+01
5.507933333333333081e+01
5.480466666666666242e+01
5.457266666666666310e+01
5.435466666666665247e+01
5.417133333333332956e+01
5.395799999999999130e+01
5.376866666666666816e+01
5.359733333333333860e+01
5.342333333333332490e+01
5.322866666666665481e+01
5.315428571428570592e+01
5.298599999999999710e+01
5.283933333333332882e+01
5.272599999999999199e+01
5.263933333333333309e+01
5.260533333333334127e+01
5.258666666666668021e+01
5.247266666666666168e+01
5.233400000000001029e+01
5.210533333333332706e+01
5.189866666666667783e+01
5.171866666666666390e+01
5.154533333333333189e+01
5.142999999999999261e+01
5.126800000000001489e+01
5.109333333333334082e+01
5.098466666666665503e+01
5.084866666666666646e+01
5.070000000000000284e+01
5.051600000000000534e+01
5.032800000000000296e+01
5.017999999999999261e+01
5.002266666666666595e+01
4.996133333333333582e+01
4.998066666666667857e+01
4.994533333333333047e+01
4.986066666666667402e+01
4.998666666666666458e+01
5.007200000000000983e+01
5.014333333333332376e+01
5.030933333333334190e+01
5.054266666666666907e+01
5.068999999999999062e+01
5.079333333333332234e+01
5.077599999999998914e+01
5.083714285714285097e+01
5.094066666666665810e+01
5.102466666666666839e+01
5.141200000000000614e+01
5.214733333333333576e+01
5.313599999999998857e+01
5.410933333333332484e+01
5.500333333333333030e+01
5.586066666666668112e+01
5.616999999999999460e+01
5.614333333333333087e+01
5.589999999999999858e+01
5.578533333333333388e+01
5.565400000000001057e+01
5.562666666666666515e+01
5.597333333333333627e+01
5.654200000000000159e+01
5.678266666666666396e+01
5.695600000000000307e+01
5.710357142857142065e+01
5.723800000000001376e+01
5.735333333333332462e+01
5.783466666666666356e+01
5.846466666666666612e+01
5.874200000000001154e+01
5.894333333333333513e+01
5.904266666666665486e+01
5.890066666666666606e+01
5.844400000000000261e+01
5.801266666666666083e+01
5.762066666666666492e+01
5.723799999999998533e+01
5.703866666666666418e+01
5.688466666666666072e+01
5.665733333333333377e+01
5.643533333333333246e+01
5.615066666666668027e+01
5.566545454545453708e+01
5.521666666666667567e+01
5.496733333333333604e+01
5.473066666666666436e+01
5.454266666666666907e+01
5.429533333333333900e+01
5.415928571428572269e+01
5.396466666666665901e+01
5.391199999999999903e+01
5.384266666666665913e+01
5.373266666666667390e+01
5.351999999999999602e+01
5.344400000000000261e+01
5.352399999999999380e+01
5.352399999999999380e+01
5.333133333333333326e+01
5.328000000000000824e+01
5.334733333333331728e+01
5.340866666666666163e+01
5.329466666666665731e+01
5.314866666666667072e+01
5.314066666666666805e+01
5.324466666666665304e+01
5.333400000000001739e+01
5.313199999999999790e+01
5.304866666666667641e+01
5.336666666666666714e+01
5.341666666666666430e+01
5.348599999999999710e+01
5.329866666666666930e+01
5.337400000000000233e+01
5.347800000000000153e+01
5.348733333333333206e+01
5.355666666666667908e+01
5.370866666666665878e+01
5.384266666666666623e+01
5.376066666666666549e+01
5.369333333333332092e+01
5.388799999999999812e+01
5.398266666666665969e+01
5.403133333333332899e+01
5.396933333333333849e+01
5.382000000000000028e+01
5.377933333333332655e+01
5.398466666666665503e+01
5.408466666666667066e+01
5.410466666666665958e+01
5.400333333333333741e+01
5.411333333333332263e+01
5.421000000000000796e+01
5.436266666666666936e+01
5.437200000000000699e+01
5.417666666666666231e+01
5.419733333333333292e+01
5.411533333333333218e+01
5.406933333333333280e+01
5.407600000000001472e+01
5.406466666666666043e+01
5.388200000000001211e+01
5.366266666666665941e+01
5.363799999999999102e+01
5.387000000000000455e+01
5.448066666666667146e+01
5.538066666666667004e+01
5.638866666666667271e+01
5.741800000000000637e+01
5.855733333333333235e+01
5.966666666666666430e+01
6.087333333333334195e+01
6.219200000000000017e+01
6.350933333333333053e+01
6.499600000000000932e+01
6.651733333333332610e+01
6.802933333333334076e+01
6.951066666666665128e+01
7.082599999999999341e+01
7.217533333333334156e+01
7.354800000000000182e+01
7.486600000000001387e+01
7.594666666666668675e+01
7.687533333333334440e+01
7.785200000000000387e+01
7.886199999999999477e+01
7.970466666666668232e+01
8.021533333333333360e+01
8.062733333333332553e+01
8.093733333333332780e+01
8.109999999999999432e+01
8.089333333333334508e+01
8.072600000000002751e+01
8.050000000000000000e+01
8.013133333333333042e+01
7.956466666666666754e+01
7.865733333333334087e+01
7.737533333333335861e+01
7.573199999999999932e+01
7.373866666666665992e+01
7.127533333333333587e+01
6.899399999999999977e+01
6.703866666666667129e+01
6.536866666666666958e+01
6.396599999999999397e+01
6.298399999999999466e+01
6.227866666666667328e+01
6.167133333333333667e+01
6.121733333333333604e+01
6.086466666666665759e+01
6.064000000000001478e+01
6.045799999999999130e+01
6.039933333333332399e+01
6.032133333333334235e+01
6.027800000000000580e+01
6.012999999999999545e+01
5.995133333333333070e+01
5.979333333333333655e+01
5.967933333333332513e+01
5.955266666666665998e+01
5.945866666666665878e+01
5.939399999999999125e+01
5.938428571428571701e+01
5.928200000000000358e+01
5.923666666666667169e+01
5.909933333333331973e+01
5.897999999999998977e+01
5.888666666666667027e+01
5.877933333333332655e+01
5.871133333333332871e+01
5.864466666666666583e+01
5.856666666666664867e+01
5.843533333333333957e+01
5.826466666666666328e+01
5.810133333333331507e+01
5.803933333333332456e+01
5.809866666666667356e+01
5.807066666666667487e+01
5.799800000000001887e+01
5.789599999999999369e+01
5.776533333333334497e+01
5.768266666666665543e+01
5.754599999999998516e+01
5.741266666666667362e+01
5.727133333333333809e+01
5.718866666666665566e+01
5.715599999999999170e+01
5.712866666666666049e+01
5.722200000000000131e+01
5.734000000000001052e+01
5.730666666666666487e+01
5.693333333333332291e+01
5.675400000000001199e+01
5.669133333333332558e+01
5.669200000000001438e+01
5.667799999999998306e+01
5.663066666666667714e+01
5.662600000000000477e+01
5.693666666666666032e+01
5.716866666666668095e+01
5.750866666666666305e+01
5.771866666666666390e+01
5.782333333333333769e+01
5.798533333333333672e+01
5.802799999999999159e+01
5.809999999999999432e+01
5.818133333333333468e+01
5.826933333333332143e+01
5.836399999999999721e+01
5.856400000000000006e+01
5.890066666666666606e+01
5.932866666666666333e+01
5.975666666666666060e+01
6.008200000000000074e+01
6.029199999999999449e+01
6.030199999999999960e+01
6.017200000000000415e+01
5.999000000000000199e+01
5.990133333333332644e+01
5.984333333333332661e+01
5.982600000000000762e+01
5.976200000000000756e+01
5.980199999999999960e+01
5.980333333333332746e+01
5.971333333333334537e+01
5.966933333333332001e+01
5.960600000000000165e+01
5.952599999999999625e+01
5.947000000000001307e+01
5.951133333333333297e+01
5.935533333333334127e+01
5.917999999999999261e+01
5.905133333333332502e+01
5.912933333333333508e+01
5.931666666666666998e+01
5.941199999999999193e+01
5.940733333333332666e+01
5.939466666666666583e+01
5.939666666666665407e+01
5.943533333333333957e+01
5.953866666666666418e+01
5.963799999999999812e+01
5.964733333333333576e+01
5.971266666666667078e+01
5.969466666666664878e+01
5.964066666666666805e+01
5.950600000000000733e+01
5.945200000000000529e+01
5.943266666666666964e+01
5.947266666666666879e+01
5.947800000000001575e+01
5.942466666666665986e+01
5.940866666666666163e+01
5.941333333333331979e+01
5.936466666666667891e+01
5.932866666666667754e+01
5.936999999999999744e+01
5.944133333333333269e+01
5.963866666666665139e+01
5.979866666666666930e+01
5.983666666666667311e+01
5.988066666666665583e+01
5.994866666666668209e+01
6.003933333333332456e+01
6.013666666666665606e+01
6.025266666666666993e+01
6.036466666666667180e+01
6.046333333333333826e+01
6.056466666666666754e+01
6.069066666666667231e+01
6.072266666666667589e+01
6.076266666666665373e+01
6.079733333333332723e+01
6.085999999999999943e+01
6.092642857142857338e+01
6.099933333333332541e+01
6.105466666666665532e+01
6.113399999999999324e+01
6.119266666666668186e+01
6.121133333333334292e+01
6.123466666666666214e+01
6.124466666666667436e+01
6.125333333333333030e+01
6.127666666666666373e+01
6.127799999999999159e+01
6.128733333333332212e+01
6.141133333333333155e+01
6.152266666666667305e+01
6.163199999999999079e+01
6.177466666666665418e+01
6.191066666666667828e+01
6.202800000000000580e+01
6.202733333333332411e+01
6.203199999999998937e+01
6.202599999999998914e+01
6.205600000000000449e+01
6.207466666666667265e+01
6.210933333333333195e+01
6.216800000000000637e+01
6.221799999999999642e+01
6.227066666666666350e+01
6.231785714285715727e+01
6.241500000000001336e+01
6.247466666666667123e+01
6.255333333333334878e+01
6.260133333333332928e+01
6.272533333333332450e+01
6.278399999999999181e+01
6.282666666666668220e+01
6.288533333333332109e+01
6.293733333333332780e+01
6.300266666666666993e+01
6.310333333333334593e+01
6.315266666666665429e+01
6.326733333333333320e+01
6.334333333333334082e+01
6.355933333333334190e+01
6.364733333333332865e+01
6.367600000000000193e+01
6.367866666666666475e+01
6.369733333333333292e+01
6.368800000000000239e+01
6.366666666666665719e+01
6.366533333333334355e+01
6.373066666666667857e+01
6.377399999999999380e+01
6.368199999999999505e+01
6.355799999999999272e+01
6.340733333333333377e+01
6.327666666666667084e+01
6.314733333333333576e+01
6.312799999999999301e+01
6.306333333333332547e+01
6.283866666666666845e+01
6.257266666666667021e+01
6.230799999999999983e+01
6.200666666666666771e+01
6.179399999999999693e+01
6.156333333333332547e+01
6.139333333333332376e+01
6.113333333333332575e+01
6.089266666666666339e+01
6.072533333333333161e+01
6.055599999999999739e+01
6.033066666666665867e+01
6.010066666666666890e+01
5.994599999999999795e+01
5.987333333333333485e+01
5.984533333333333616e+01
5.976000000000000512e+01
5.962133333333334662e+01
5.953800000000000381e+01
5.940066666666666606e+01
5.930666666666666487e+01
5.919200000000000017e+01
5.917133333333332246e+01
5.913928571428571246e+01
5.906733333333332325e+01
5.894133333333332558e+01
5.882999999999999829e+01
5.866571428571428726e+01
5.857666666666666799e+01
5.849733333333333718e+01
5.838333333333333286e+01
5.833800000000000807e+01
5.830733333333331814e+01
5.821333333333334537e+01
5.806666666666665577e+01
5.795928571428571274e+01
5.783533333333332394e+01
5.774866666666667214e+01
5.769733333333333292e+01
5.763400000000000034e+01
5.761066666666667402e+01
5.754333333333332234e+01
5.750533333333333275e+01
5.745866666666667300e+01
5.746466666666666612e+01
5.738866666666667271e+01
5.730333333333332746e+01
5.713999999999999346e+01
5.694399999999998840e+01
5.687266666666666737e+01
5.697133333333333383e+01
5.710733333333333661e+01
5.730666666666665776e+01
5.751799999999999358e+01
5.769533333333333758e+01
5.785133333333332928e+01
5.799933333333333252e+01
5.792666666666666231e+01
5.790400000000001057e+01
5.805066666666667174e+01
5.818733333333334201e+01
5.831666666666667709e+01
5.844800000000000750e+01
5.855066666666666464e+01
5.875000000000000711e+01
5.898133333333332473e+01
5.940066666666666606e+01
5.992533333333333445e+01
6.106200000000000472e+01
6.177533333333334298e+01
6.268200000000000216e+01
6.351066666666667260e+01
6.495733333333332382e+01
6.639000000000000057e+01
6.766799999999999216e+01
6.900533333333333985e+01
7.046866666666666390e+01
7.153466666666666640e+01
7.205400000000000205e+01
7.256733333333333746e+01
7.304333333333332234e+01
7.383200000000000784e+01
7.397800000000000864e+01
7.418133333333331336e+01
7.422466666666666413e+01
7.425933333333333053e+01
7.425533333333332564e+01
7.408866666666668266e+01
7.341066666666667118e+01
7.292066666666666208e+01
7.197133333333333383e+01
7.037266666666667447e+01
6.904066666666666663e+01
6.759666666666664980e+01
6.620200000000001239e+01
6.490142857142858190e+01
6.364333333333333798e+01
6.246333333333333115e+01
6.141333333333333400e+01
6.050866666666666305e+01
5.982133333333332814e+01
5.921533333333333360e+01
5.874600000000000222e+01
5.833933333333334303e+01
5.801199999999999335e+01
5.777600000000000335e+01
5.763266666666667248e+01
5.746399999999999153e+01
5.732066666666666066e+01
5.719133333333333269e+01
5.710333333333334593e+01
5.703866666666665708e+01
5.695733333333332382e+01
5.691799999999998505e+01
5.688733333333333064e+01
5.687266666666666737e+01
5.684400000000000830e+01
5.681066666666666265e+01
5.678866666666665708e+01
5.677066666666666350e+01
5.672533333333333161e+01
5.669466666666667010e+01
5.663533333333334241e+01
5.655400000000000205e+01
5.652000000000000313e+01
5.646599999999999397e+01
5.630666666666665776e+01
5.620333333333333314e+01
5.614200000000000301e+01
5.610800000000001120e+01
5.604399999999999693e+01
5.596266666666665657e+01
5.589133333333332843e+01
5.585133333333335059e+01
5.579933333333331547e+01
5.578533333333332678e+01
5.582733333333334969e+01
5.581733333333332325e+01
5.579666666666665265e+01
5.572133333333334093e+01
5.571533333333334070e+01
5.568066666666666009e+01
5.560199999999999676e+01
5.542666666666666231e+01
5.530266666666665998e+01
5.518866666666666276e+01
5.509666666666667822e+01
5.503933333333333877e+01
5.492600000000000193e+01
5.483133333333333326e+01
5.476714285714286490e+01
5.467533333333332735e+01
5.463800000000000523e+01
5.457000000000000028e+01
5.459133333333333837e+01
5.470999999999999375e+01
5.489133333333332843e+01
5.539999999999999858e+01
5.629333333333332945e+01
5.736000000000000654e+01
5.851066666666666549e+01
5.956000000000000938e+01
6.069000000000000483e+01
6.180199999999999960e+01
6.285533333333333417e+01
6.434000000000000341e+01
6.589066666666667516e+01
6.723999999999999488e+01
6.857866666666667754e+01
7.018800000000000239e+01
7.178400000000000603e+01
7.325400000000000489e+01
7.428533333333331257e+01
7.430733333333333235e+01
7.484866666666668777e+01
7.516066666666665697e+01
7.543133333333331336e+01
7.568333333333333712e+01
7.601666666666666572e+01
7.584266666666667334e+01
7.594800000000000750e+01
7.594933333333334247e+01
7.582999999999999829e+01
7.542533333333334156e+01
7.491133333333333155e+01
7.442399999999999238e+01
7.352466666666666129e+01
7.248000000000001819e+01
7.129333333333333655e+01
6.998933333333333451e+01
6.858266666666666822e+01
6.725666666666667481e+01
6.605666666666667197e+01
6.503733333333333633e+01
6.425666666666666060e+01
6.363066666666666293e+01
6.315200000000000813e+01
6.279333333333332234e+01
6.253466666666667351e+01
6.231933333333333280e+01
6.209599999999999653e+01
6.189800000000001035e+01
6.173733333333333917e+01
6.160466666666665958e+01
6.142133333333333667e+01
6.122333333333333627e+01
6.100000000000000711e+01
6.080066666666666464e+01
6.066266666666665941e+01
6.051533333333334497e+01
6.037200000000000699e+01
6.025533333333333275e+01
6.014733333333334286e+01
5.996733333333334315e+01
5.979266666666667618e+01
5.969866666666666077e+01
5.960000000000001563e+01
5.950533333333334696e+01
5.946466666666667322e+01
5.952533333333332877e+01
5.957933333333334502e+01
5.960600000000000875e+01
5.959733333333334571e+01
5.960400000000000631e+01
5.958066666666666578e+01
5.951466666666666328e+01
5.944466666666667720e+01
5.940466666666667095e+01
5.930933333333333479e+01
5.919133333333332558e+01
5.911466666666667891e+01
5.903333333333333144e+01
5.888400000000000745e+01
5.869533333333333047e+01
5.850400000000000489e+01
5.832799999999998875e+01
5.818533333333333957e+01
5.798866666666666703e+01
5.784066666666667800e+01
5.772066666666668056e+01
5.752466666666667550e+01
5.742199999999999704e+01
5.730533333333332990e+01
5.724266666666667192e+01
5.718933333333332314e+01
5.709533333333334326e+01
5.697466666666667123e+01
5.695600000000001728e+01
5.690533333333333132e+01
5.693199999999999505e+01
5.697199999999999420e+01
5.716066666666666407e+01
5.765066666666666606e+01
5.827666666666667794e+01
5.877466666666667550e+01
5.899866666666665793e+01
5.912800000000000011e+01
5.924866666666666504e+01
5.947133333333334093e+01
6.014666666666666828e+01
6.084866666666665225e+01
6.128266666666666396e+01
6.194666666666666544e+01
6.269199999999999307e+01
6.320599999999999596e+01
6.327533333333334298e+01
6.340599999999998460e+01
6.380466666666667663e+01
6.515600000000000591e+01
6.550266666666666993e+01
6.548600000000000421e+01
6.545800000000001262e+01
6.523466666666666924e+01
6.490733333333334087e+01
6.454466666666668573e+01
6.442666666666666231e+01
6.435866666666667868e+01
6.438466666666664651e+01
6.488066666666667004e+01
6.542599999999998772e+01
6.583333333333334281e+01
6.587333333333334906e+01
6.583333333333331439e+01
6.552666666666667084e+01
6.507733333333332837e+01
6.458200000000000784e+01
6.409333333333331950e+01
6.366533333333332934e+01
6.324800000000001177e+01
6.292600000000000193e+01
6.262799999999999301e+01
6.235266666666666424e+01
6.212133333333334662e+01
6.194599999999999795e+01
6.175266666666666993e+01
6.160600000000000165e+01
6.146733333333333604e+01
5.761400000000000432e+01
5.745133333333333070e+01
5.726666666666667282e+01
5.708666666666666600e+01
5.690866666666666163e+01
5.674400000000000688e+01
5.655133333333333212e+01
5.642066666666666208e+01
5.629400000000000404e+01
5.616733333333332467e+01
5.609333333333334082e+01
5.601666666666667282e+01
5.589133333333334264e+01
5.577733333333333121e+01
5.561999999999999744e+01
5.549399999999999977e+01
5.538600000000000279e+01
5.530866666666666021e+01
5.523999999999999488e+01
5.526933333333332854e+01
5.529200000000000870e+01
5.533066666666666578e+01
5.541333333333333400e+01
5.544133333333333979e+01
5.545000000000000995e+01
5.545466666666667521e+01
5.543666666666665321e+01
5.537400000000000233e+01
5.533800000000000097e+01
5.524800000000000466e+01
5.519599999999999085e+01
5.516599999999998261e+01
5.510400000000002052e+01
5.504533333333332479e+01
5.497266666666666168e+01
5.492533333333332735e+01
5.486666666666667425e+01
5.488799999999999812e+01
5.498666666666667169e+01
5.505800000000000693e+01
5.517599999999999483e+01
5.539800000000001035e+01
5.562666666666667226e+01
5.585333333333333172e+01
5.605866666666666731e+01
5.615666666666665918e+01
5.632266666666668442e+01
5.636466666666665759e+01
5.631466666666667464e+01
5.617133333333332246e+01
5.609133333333333127e+01
5.615000000000000568e+01
5.641533333333333644e+01
5.653733333333333633e+01
5.656866666666667243e+01
5.656733333333334457e+01
5.673866666666665992e+01
5.695599999999999596e+01
5.722400000000000375e+01
5.739799999999999613e+01
5.743333333333335133e+01
5.750866666666665594e+01
5.768599999999999994e+01
5.791733333333333178e+01
5.812533333333332308e+01
5.810666666666667624e+01
5.806866666666667243e+01
5.806133333333332303e+01
5.817999999999999972e+01
5.825666666666666060e+01
5.828466666666665930e+01
5.831000000000000938e+01
5.847133333333332672e+01
5.855933333333334190e+01
5.864599999999999369e+01
5.857933333333334502e+01
5.852333333333332632e+01
5.845933333333334758e+01
5.862266666666666026e+01
5.875933333333332342e+01
5.886333333333333684e+01
5.905200000000000671e+01
5.915199999999997971e+01
5.912133333333333951e+01
5.906066666666664844e+01
5.892066666666666919e+01
5.886466666666667180e+01
5.880133333333332502e+01
5.867933333333333934e+01
5.854799999999998761e+01
5.849066666666666947e+01
5.845466666666666100e+01
5.832266666666666310e+01
5.829133333333332700e+01
5.822600000000000620e+01
5.815933333333332200e+01
5.807599999999999341e+01
5.803933333333331746e+01
5.801933333333332143e+01
5.806000000000001648e+01
5.815933333333335753e+01
5.827199999999999847e+01
5.834200000000000585e+01
5.830533333333333701e+01
5.829466666666666441e+01
5.824600000000000222e+01
5.818733333333332780e+01
5.811866666666667669e+01
5.808400000000001029e+01
5.802666666666666373e+01
5.788933333333334730e+01
5.773133333333335315e+01
5.762600000000000477e+01
5.756333333333332547e+01
5.750600000000000023e+01
5.745866666666665168e+01
5.742399999999997817e+01
5.739466666666666583e+01
5.738400000000000034e+01
5.738533333333332109e+01
5.736266666666666936e+01
5.728857142857142293e+01
5.728066666666665441e+01
5.727066666666666350e+01
5.729200000000000870e+01
5.730600000000001160e+01
5.727266666666666595e+01
5.717399999999999949e+01
5.710600000000000875e+01
5.710333333333334593e+01
5.711133333333334150e+01
5.711199999999999477e+01
5.715466666666665674e+01
5.714799999999998903e+01
5.713199999999999079e+01
5.715733333333331956e+01
5.730733333333333945e+01
5.760466666666666669e+01
5.788400000000001455e+01
5.802866666666665907e+01
5.800533333333333275e+01
5.801066666666665839e+01
5.797266666666667589e+01
5.776133333333334008e+01
5.774533333333333474e+01
5.766666666666667140e+01
5.753066666666666862e+01
5.755933333333333479e+01
5.786866666666665537e+01
5.841400000000000148e+01
5.917666666666666941e+01
6.014466666666667294e+01
6.139333333333333798e+01
6.257866666666665623e+01
6.335600000000000165e+01
6.459533333333334326e+01
6.593200000000000216e+01
6.743866666666666276e+01
6.894133333333334690e+01
7.021599999999999397e+01
7.104933333333333678e+01
7.184999999999999432e+01
7.265066666666666606e+01
7.357933333333333792e+01
7.459066666666667800e+01
7.552800000000000580e+01
7.634866666666667356e+01
7.699200000000000443e+01
7.740866666666667584e+01
7.740533333333333132e+01
7.702466666666667550e+01
7.642266666666667163e+01
7.587600000000000477e+01
7.543533333333333246e+01
7.521000000000002217e+01
7.526799999999998647e+01
