7.141133333333331734e+01
7.148666666666666458e+01
7.156000000000000227e+01
7.161733333333333462e+01
7.167466666666665276e+01
7.175533333333332564e+01
7.184266666666665913e+01
7.188799999999999102e+01
7.194333333333334224e+01
7.199199999999999022e+01
7.206000000000000227e+01
7.210600000000000875e+01
7.215466666666667095e+01
7.219133333333336111e+01
7.225533333333332564e+01
7.229466666666664310e+01
7.234133333333333837e+01
7.236599999999999966e+01
7.239533333333334042e+01
7.243733333333334201e+01
7.246733333333334315e+01
7.250066666666666038e+01
7.250933333333333053e+01
7.254999999999999716e+01
7.257333333333332348e+01
7.260400000000001342e+01
7.261600000000001387e+01
7.262999999999998124e+01
7.264399999999999125e+01
7.265066666666666606e+01
7.267199999999999704e+01
7.267733333333335111e+01
7.270400000000002194e+01
7.270666666666669187e+01
7.270866666666668721e+01
7.271133333333335713e+01
7.270600000000003149e+01
7.271666666666668277e+01
7.272400000000000375e+01
7.271666666666668277e+01
7.272066666666667345e+01
7.271266666666666367e+01
7.268266666666667675e+01
7.261333333333332973e+01
7.247866666666666902e+01
7.235399999999999920e+01
7.222200000000000841e+01
7.207733333333332837e+01
7.194466666666666299e+01
7.190666666666666629e+01
7.190466666666665674e+01
7.190000000000000568e+01
7.187933333333333508e+01
7.184066666666666379e+01
7.177666666666667084e+01
7.168399999999998329e+01
7.160400000000001342e+01
7.152399999999998670e+01
7.141199999999999193e+01
7.132933333333333792e+01
7.123466666666666924e+01
7.113599999999999568e+01
7.106199999999998340e+01
7.099733333333333007e+01
7.092399999999999238e+01
7.084600000000001785e+01
7.077866666666665196e+01
7.071733333333334315e+01
7.066333333333334110e+01
7.059499999999999886e+01
7.054733333333332723e+01
7.049266666666667902e+01
7.043866666666666276e+01
7.037666666666667936e+01
7.032933333333330950e+01
7.027466666666666129e+01
7.024133333333334406e+01
7.019866666666669630e+01
7.017000000000000171e+01
7.012666666666667936e+01
7.007399999999998386e+01
7.002199999999999136e+01
6.998714285714287087e+01
6.994066666666667231e+01
6.994466666666669141e+01
6.998266666666667390e+01
6.999466666666666015e+01
6.999266666666667902e+01
6.998266666666667390e+01
6.996400000000001285e+01
6.994800000000002171e+01
6.995333333333333314e+01
6.996933333333335270e+01
6.999333333333333940e+01
7.000533333333332564e+01
7.002733333333331700e+01
7.005066666666665753e+01
7.005466666666666242e+01
7.007666666666666799e+01
7.009466666666665446e+01
7.011266666666666936e+01
7.012466666666665560e+01
7.014866666666665651e+01
7.015533333333333132e+01
7.015733333333332666e+01
7.016307692307692889e+01
7.017333333333334622e+01
7.017166666666666686e+01
7.018733333333334201e+01
7.017846153846154778e+01
7.019571428571428839e+01
7.019733333333334713e+01
7.020200000000002660e+01
7.019599999999999795e+01
7.020933333333336179e+01
7.021466666666668743e+01
7.021866666666667811e+01
7.022000000000001307e+01
7.022933333333334360e+01
7.022266666666668300e+01
7.023666666666667879e+01
7.023533333333332962e+01
7.024800000000000466e+01
7.025266666666666993e+01
7.026000000000000512e+01
7.026466666666665617e+01
7.027599999999999625e+01
7.028599999999998715e+01
7.029533333333331768e+01
7.029399999999999693e+01
7.030666666666665776e+01
7.031600000000000250e+01
7.031466666666665333e+01
7.033533333333333815e+01
7.034000000000000341e+01
7.034133333333332416e+01
7.035999999999999943e+01
7.038866666666666561e+01
7.043400000000001171e+01
7.049933333333333962e+01
7.057266666666666310e+01
7.067333333333334622e+01
7.073999999999999488e+01
7.080066666666665753e+01
7.081866666666665822e+01
7.081866666666668664e+01
7.082266666666666310e+01
7.082733333333334258e+01
7.080333333333332746e+01
7.078999999999999204e+01
7.078133333333332189e+01
7.076733333333332610e+01
7.075749999999999318e+01
7.074466666666667436e+01
7.073466666666666924e+01
7.073800000000001376e+01
7.072799999999999443e+01
7.073266666666667390e+01
7.071066666666668254e+01
7.070466666666669653e+01
7.071666666666668277e+01
7.071133333333334292e+01
7.072866666666666902e+01
7.073866666666667413e+01
7.073666666666667879e+01
7.074266666666666481e+01
7.075000000000000000e+01
7.075866666666665594e+01
7.075266666666666993e+01
7.074066666666666947e+01
7.074533333333333474e+01
7.073399999999999466e+01
7.072266666666668300e+01
7.069733333333333292e+01
7.069200000000000728e+01
7.069333333333335645e+01
7.070733333333333803e+01
7.072266666666668300e+01
7.072200000000000841e+01
7.071133333333335713e+01
7.070533333333335690e+01
7.067666666666669073e+01
7.069333333333335645e+01
7.072133333333334804e+01
7.071000000000000796e+01
7.066928571428573491e+01
7.066200000000000614e+01
7.063933333333334019e+01
7.063533333333334951e+01
7.063133333333331620e+01
7.062466666666666981e+01
7.063533333333333530e+01
7.065000000000001990e+01
7.066400000000001569e+01
7.068666666666669585e+01
7.071000000000000796e+01
7.071333333333335247e+01
7.072466666666667834e+01
7.072466666666667834e+01
7.074533333333333474e+01
7.073799999999999955e+01
7.074599999999999511e+01
7.075199999999999534e+01
7.075666666666666060e+01
7.075399999999999068e+01
7.076133333333332587e+01
7.075666666666666060e+01
7.075999999999999091e+01
7.075266666666666993e+01
7.075933333333333053e+01
7.076066666666665128e+01
7.074533333333333474e+01
7.074333333333333940e+01
7.073133333333333894e+01
7.073333333333333428e+01
7.071533333333334781e+01
7.071733333333334315e+01
7.070533333333334269e+01
7.069733333333334713e+01
7.068466666666668630e+01
7.066866666666668095e+01
7.064666666666667538e+01
7.062599999999999056e+01
7.060200000000001808e+01
7.059133333333332416e+01
7.057266666666664889e+01
7.055666666666664355e+01
7.053733333333333633e+01
7.051533333333333076e+01
7.046866666666667811e+01
7.040400000000001057e+01
7.031799999999998363e+01
7.021933333333332428e+01
7.014333333333333087e+01
7.015333333333333599e+01
7.019266666666668186e+01
7.026133333333332587e+01
7.036933333333332996e+01
7.048533333333332962e+01
7.055999999999998806e+01
7.059133333333333837e+01
7.058866666666664003e+01
7.058533333333333815e+01
7.061133333333333439e+01
7.065600000000000591e+01
7.071066666666666833e+01
7.071400000000001285e+01
7.071600000000002240e+01
7.067666666666667652e+01
7.060533333333333417e+01
7.054466666666665731e+01
7.046533333333334781e+01
7.036999999999999034e+01
7.029533333333331768e+01
7.022333333333334338e+01
7.016199999999999193e+01
7.009466666666666868e+01
7.003999999999999204e+01
7.000466666666666526e+01
6.996666666666668277e+01
6.992933333333333223e+01
6.990399999999999636e+01
6.983333333333331439e+01
6.977333333333332632e+01
6.970199999999999818e+01
6.963733333333333064e+01
6.960466666666665958e+01
6.954799999999998761e+01
6.948600000000001842e+01
6.944533333333332337e+01
6.938466666666666072e+01
6.932866666666664912e+01
6.927333333333332632e+01
6.923666666666667879e+01
6.921333333333335247e+01
6.923071428571428498e+01
6.926599999999999113e+01
6.927199999999999136e+01
6.928071428571426793e+01
6.926999999999999602e+01
6.924733333333333007e+01
6.922666666666667368e+01
6.923333333333333428e+01
6.922533333333333871e+01
6.921666666666668277e+01
6.920600000000003149e+01
6.919399999999998840e+01
6.921666666666668277e+01
6.924733333333333007e+01
6.927666666666665662e+01
6.933999999999998920e+01
6.937466666666666981e+01
6.943066666666666720e+01
6.946866666666666390e+01
6.951466666666665617e+01
6.953666666666664753e+01
6.958333333333332860e+01
6.961533333333333928e+01
6.964399999999999125e+01
6.967399999999999238e+01
6.968800000000000239e+01
6.971533333333333360e+01
6.972333333333334338e+01
6.974600000000000932e+01
6.976733333333332610e+01
6.976999999999999602e+01
6.978333333333331723e+01
6.979933333333333678e+01
6.979999999999999716e+01
6.981933333333333280e+01
6.983066666666667288e+01
6.982666666666665378e+01
6.983533333333333815e+01
6.984933333333333394e+01
6.983133333333333326e+01
6.983533333333335236e+01
6.983733333333334770e+01
6.983666666666667311e+01
6.982999999999999829e+01
6.982799999999998875e+01
6.980533333333332280e+01
6.981600000000000250e+01
6.979999999999998295e+01
6.980799999999999272e+01
6.978933333333331746e+01
6.978266666666665685e+01
6.977866666666665196e+01
6.976800000000000068e+01
6.977399999999998670e+01
6.976133333333334008e+01
6.975600000000000023e+01
6.975666666666666060e+01
6.975533333333332564e+01
6.974466666666667436e+01
6.974333333333333940e+01
6.973733333333333917e+01
6.973399999999999466e+01
6.970866666666668721e+01
6.971533333333333360e+01
6.971266666666669209e+01
6.969933333333334247e+01
6.969066666666667231e+01
6.967733333333333690e+01
6.969666666666667254e+01
6.969266666666668186e+01
6.971333333333333826e+01
6.973266666666668812e+01
6.975799999999999557e+01
6.979200000000000159e+01
6.985466666666667379e+01
6.991600000000001103e+01
6.998666666666666458e+01
7.007866666666667754e+01
7.017733333333335111e+01
7.029266666666666197e+01
7.042266666666667163e+01
7.055466666666667663e+01
7.070071428571428385e+01
7.086466666666666470e+01
7.104066666666668084e+01
7.122999999999998977e+01
7.141066666666665697e+01
7.159533333333332905e+01
7.176733333333331188e+01
7.192066666666666208e+01
7.208066666666667288e+01
7.221933333333332428e+01
7.237199999999999989e+01
7.250933333333333053e+01
7.265533333333334554e+01
7.278133333333333610e+01
7.290933333333332200e+01
7.300199999999999534e+01
7.309066666666666379e+01
7.317533333333335577e+01
7.323600000000000421e+01
7.330199999999997829e+01
7.335399999999999920e+01
7.337599999999999056e+01
7.342533333333334156e+01
7.343933333333335156e+01
7.345666666666667766e+01
7.347000000000001307e+01
7.347000000000001307e+01
7.346600000000002240e+01
7.345666666666669187e+01
7.344600000000001216e+01
7.342800000000001148e+01
7.341200000000000614e+01
7.339857142857142946e+01
7.336599999999999966e+01
7.333666666666665890e+01
7.329466666666665731e+01
7.328000000000000114e+01
7.323666666666667879e+01
7.321000000000002217e+01
7.317600000000000193e+01
7.315266666666664719e+01
7.311400000000000432e+01
7.307200000000001694e+01
7.302266666666666595e+01
7.299800000000000466e+01
7.296133333333335713e+01
7.292533333333334156e+01
7.289733333333333576e+01
7.285266666666667845e+01
7.281066666666664844e+01
7.277333333333332632e+01
7.273666666666667879e+01
7.270800000000001262e+01
7.267199999999999704e+01
7.263266666666666538e+01
7.259799999999999898e+01
7.255999999999998806e+01
7.253466666666665219e+01
7.249333333333333940e+01
7.245266666666667277e+01
7.240933333333332200e+01
7.237866666666666049e+01
7.235000000000000853e+01
7.231733333333332325e+01
7.227533333333332166e+01
7.222466666666667834e+01
7.217733333333333690e+01
7.213733333333333064e+01
7.210333333333332462e+01
7.207999999999999829e+01
7.203066666666664730e+01
7.198866666666667413e+01
7.193866666666666276e+01
7.189399999999999125e+01
7.185000000000000853e+01
7.181933333333331859e+01
7.176666666666666572e+01
7.171133333333334292e+01
7.167399999999999238e+01
7.163866666666666561e+01
7.160400000000001342e+01
7.157533333333331882e+01
7.154199999999998738e+01
7.150199999999999534e+01
7.148999999999999488e+01
7.145800000000002683e+01
7.142066666666664787e+01
7.140266666666666140e+01
7.140133333333332644e+01
7.139533333333334042e+01
7.138733333333333064e+01
7.139266666666665628e+01
7.138599999999999568e+01
7.140533333333333132e+01
7.143066666666665299e+01
7.145800000000001262e+01
7.149133333333334406e+01
7.151666666666666572e+01
7.155333333333331325e+01
7.159333333333333371e+01
7.162333333333332064e+01
7.166199999999999193e+01
7.169266666666666765e+01
7.172400000000000375e+01
7.175199999999999534e+01
7.180333333333332746e+01
7.183466666666666356e+01
7.186466666666665049e+01
7.189933333333333110e+01
7.193466666666667209e+01
7.198266666666667390e+01
7.202666666666665662e+01
7.204999999999998295e+01
7.208799999999999386e+01
7.210133333333332928e+01
7.212066666666666492e+01
7.214533333333334042e+01
7.216399999999998727e+01
7.216133333333333155e+01
7.217200000000001125e+01
7.219066666666667231e+01
7.218600000000000705e+01
7.218599999999999284e+01
7.010399999999999920e+01
7.011400000000000432e+01
7.011666666666666003e+01
7.013266666666667959e+01
7.013333333333333997e+01
7.013599999999999568e+01
7.013333333333333997e+01
7.012799999999998590e+01
7.010333333333332462e+01
7.009000000000000341e+01
7.007666666666666799e+01
7.006333333333330415e+01
7.003933333333331746e+01
7.001733333333331188e+01
6.999933333333333962e+01
6.996666666666668277e+01
6.993533333333334667e+01
6.991133333333333155e+01
6.987733333333332553e+01
6.985266666666667845e+01
6.981533333333331370e+01
6.978466666666666640e+01
6.975466666666666526e+01
6.972466666666669255e+01
6.968666666666668164e+01
6.966199999999999193e+01
6.962666666666667936e+01
6.957799999999998875e+01
6.954066666666666663e+01
6.951399999999999579e+01
6.947933333333334360e+01
6.944666666666667254e+01
6.941199999999999193e+01
6.938600000000000989e+01
6.932266666666664889e+01
6.930133333333331791e+01
6.926733333333332610e+01
6.923200000000001353e+01
6.921066666666666833e+01
6.917400000000000659e+01
6.914000000000000057e+01
6.912666666666667936e+01
6.919866666666666788e+01
6.934066666666666379e+01
6.952399999999997249e+01
6.971066666666665412e+01
6.985999999999998522e+01
6.994800000000002171e+01
6.997200000000000841e+01
6.995133333333335202e+01
6.990866666666666163e+01
6.983599999999998431e+01
6.982733333333334258e+01
6.985133333333334349e+01
6.988066666666665583e+01
6.989600000000000080e+01
6.985066666666666890e+01
6.986533333333335349e+01
6.987599999999999056e+01
6.991333333333334110e+01
6.991933333333332712e+01
6.989666666666667538e+01
6.985866666666667868e+01
6.983133333333334747e+01
6.983599999999999852e+01
6.984133333333332416e+01
6.982599999999999341e+01
6.979733333333332723e+01
6.975200000000000955e+01
6.973533333333334383e+01
6.974066666666666947e+01
6.973866666666667413e+01
6.973866666666665992e+01
6.975866666666665594e+01
6.976999999999999602e+01
6.979466666666665731e+01
6.980799999999999272e+01
6.980399999999998784e+01
6.979866666666663377e+01
6.980666666666665776e+01
6.984933333333333394e+01
6.987733333333333974e+01
6.992066666666666208e+01
6.993733333333334201e+01
6.993200000000003058e+01
6.991071428571427759e+01
6.988600000000000989e+01
6.988133333333333042e+01
6.990666666666666629e+01
6.993800000000001660e+01
6.995600000000000307e+01
6.997733333333333405e+01
6.999333333333333940e+01
7.000133333333333496e+01
7.001066666666665128e+01
6.999066666666666947e+01
6.999200000000000443e+01
6.997466666666667834e+01
6.996200000000001751e+01
6.994133333333336111e+01
6.992000000000000171e+01
6.989266666666667049e+01
6.985999999999999943e+01
6.982999999999998408e+01
6.978666666666664753e+01
6.977599999999999625e+01
6.974533333333333474e+01
6.971466666666668743e+01
6.969266666666665344e+01
6.966533333333332223e+01
6.962066666666666492e+01
6.959199999999999875e+01
6.956199999999998340e+01
6.952599999999999625e+01
6.950066666666666038e+01
6.946933333333335270e+01
6.944533333333330916e+01
6.939666666666667538e+01
6.938066666666667004e+01
6.934799999999999898e+01
6.930866666666665310e+01
6.926533333333333076e+01
6.923666666666667879e+01
6.921266666666669209e+01
6.918599999999997863e+01
6.914333333333334508e+01
6.911599999999999966e+01
6.908533333333335236e+01
6.905666666666665776e+01
6.901266666666667504e+01
6.898066666666666436e+01
6.895066666666669164e+01
6.892600000000000193e+01
6.890799999999998704e+01
6.886333333333332973e+01
6.884200000000001296e+01
6.879266666666667618e+01
6.878933333333333167e+01
6.887866666666666049e+01
6.902266666666666595e+01
6.919400000000000261e+01
6.933799999999999386e+01
6.943400000000001171e+01
6.948133333333333894e+01
6.953866666666665708e+01
6.962866666666666049e+01
6.975071428571428100e+01
6.984333333333333371e+01
6.990066666666666606e+01
6.991466666666666185e+01
6.989933333333333110e+01
6.985400000000001342e+01
6.982199999999998852e+01
6.981666666666664867e+01
6.983799999999999386e+01
6.985800000000000409e+01
6.985066666666666890e+01
6.985733333333332951e+01
6.984466666666665446e+01
6.984600000000000364e+01
6.985266666666667845e+01
6.987000000000001876e+01
6.990533333333333132e+01
6.990071428571428669e+01
6.990200000000000102e+01
6.990666666666666629e+01
6.989266666666665628e+01
6.990600000000000591e+01
6.994200000000002149e+01
6.997333333333334338e+01
7.000999999999999091e+01
7.005933333333332769e+01
7.010533333333334838e+01
7.015066666666666606e+01
7.017733333333333690e+01
7.021533333333334781e+01
7.023937499999999545e+01
7.025866666666665594e+01
7.027466666666666129e+01
7.028466666666665219e+01
7.029266666666666197e+01
7.030333333333331325e+01
7.029333333333332234e+01
7.027466666666666129e+01
7.027399999999998670e+01
7.023933333333334872e+01
7.021533333333334781e+01
7.019733333333333292e+01
7.017266666666665742e+01
7.013599999999999568e+01
7.010200000000001808e+01
7.013266666666666538e+01
7.017866666666667186e+01
7.021999999999999886e+01
7.024666666666666970e+01
7.026733333333332610e+01
7.025266666666666993e+01
7.025399999999999068e+01
7.029599999999999227e+01
7.038733333333334485e+01
7.047266666666668300e+01
7.052133333333333098e+01
7.053466666666665219e+01
7.053799999999998249e+01
7.057666666666666799e+01
7.062933333333333508e+01
7.065533333333333132e+01
7.063933333333332598e+01
7.064533333333332621e+01
7.069400000000001683e+01
7.076666666666666572e+01
7.087533333333333019e+01
7.098733333333332496e+01
7.105066666666667174e+01
7.106666666666666288e+01
7.106866666666665822e+01
7.110733333333334372e+01
7.118466666666667209e+01
7.127933333333332655e+01
7.137399999999999523e+01
7.146666666666666856e+01
7.157333333333333769e+01
7.164666666666666117e+01
7.174466666666666015e+01
7.182600000000002183e+01
7.188400000000000034e+01
7.194800000000002171e+01
7.200999999999999091e+01
7.208666666666665890e+01
7.212466666666666981e+01
7.217066666666666208e+01
7.221666666666666856e+01
7.228333333333331723e+01
7.233400000000000318e+01
7.237199999999999989e+01
7.242800000000002569e+01
7.246400000000001285e+01
7.250133333333333496e+01
7.252799999999999159e+01
7.256666666666664867e+01
7.259133333333333837e+01
7.259133333333333837e+01
7.260866666666667868e+01
7.263933333333332598e+01
7.266266666666666652e+01
7.263000000000000966e+01
7.253400000000000603e+01
7.243733333333334201e+01
7.234200000000001296e+01
7.221533333333334781e+01
7.208933333333331461e+01
7.196933333333332428e+01
7.184133333333333837e+01
7.172066666666665924e+01
7.161466666666666470e+01
7.150500000000000966e+01
7.139600000000000080e+01
7.129799999999998761e+01
7.120066666666666322e+01
7.109400000000000830e+01
7.099200000000001864e+01
7.089333333333334508e+01
7.079399999999999693e+01
7.072200000000000841e+01
7.065066666666666606e+01
7.057399999999999807e+01
7.052466666666666129e+01
7.047600000000001330e+01
7.041399999999998727e+01
7.038333333333333997e+01
7.035599999999999454e+01
7.032199999999998852e+01
7.029266666666666197e+01
7.029199999999998738e+01
7.027533333333332166e+01
7.025533333333332564e+01
7.025533333333332564e+01
7.023866666666665992e+01
7.023533333333334383e+01
7.022533333333333871e+01
7.020400000000002194e+01
7.018733333333334201e+01
7.015266666666664719e+01
7.009733333333333860e+01
7.004133333333332700e+01
7.000399999999999068e+01
7.002399999999998670e+01
7.008733333333333348e+01
7.019266666666668186e+01
7.031933333333334701e+01
7.043400000000001171e+01
7.051799999999998647e+01
7.053866666666665708e+01
7.055999999999997385e+01
7.062999999999998124e+01
7.073466666666666924e+01
7.081466666666668175e+01
7.086400000000000432e+01
7.092533333333334156e+01
7.100466666666667948e+01
7.111199999999999477e+01
7.126066666666663707e+01
7.137133333333332530e+01
7.142933333333331802e+01
7.143999999999999773e+01
7.143933333333333735e+01
7.148133333333333894e+01
7.155333333333332746e+01
7.165133333333332644e+01
7.175533333333331143e+01
7.186133333333333439e+01
7.197285714285713709e+01
7.206000000000000227e+01
7.208466666666667777e+01
7.205066666666665753e+01
7.199666666666668391e+01
7.197066666666667345e+01
7.201933333333332143e+01
7.207133333333332814e+01
7.213785714285712913e+01
7.217733333333333690e+01
7.218466666666668630e+01
7.214533333333334042e+01
7.211333333333332973e+01
7.212599999999999056e+01
7.215928571428570137e+01
7.220866666666667300e+01
7.222400000000000375e+01
7.219000000000001194e+01
7.213866666666666561e+01
7.212666666666667936e+01
7.215933333333332200e+01
7.219333333333335645e+01
7.224933333333333962e+01
7.229266666666664776e+01
7.227866666666665196e+01
7.220866666666668721e+01
7.216466666666666185e+01
7.213200000000000500e+01
7.210133333333332928e+01
7.207800000000000296e+01
7.202533333333332166e+01
7.193066666666666720e+01
7.185000000000000853e+01
7.173400000000000887e+01
7.161500000000000909e+01
7.148000000000000398e+01
7.136133333333333439e+01
7.125466666666667948e+01
7.114466666666666583e+01
7.103866666666665708e+01
7.092333333333333201e+01
7.082800000000001717e+01
7.073866666666667413e+01
7.065933333333333621e+01
7.057866666666667754e+01
7.054066666666666663e+01
7.048333333333334849e+01
7.043666666666668164e+01
7.036266666666666936e+01
7.029666666666665265e+01
7.024133333333334406e+01
7.020066666666669164e+01
7.014666666666667538e+01
7.009200000000001296e+01
7.005466666666664821e+01
7.002533333333332166e+01
6.998333333333334849e+01
6.996866666666667811e+01
6.995866666666668721e+01
6.996733333333335736e+01
6.996200000000001751e+01
6.995000000000001705e+01
6.992800000000001148e+01
6.988666666666667027e+01
6.983599999999999852e+01
6.981333333333331836e+01
6.979599999999999227e+01
6.978066666666664730e+01
6.977933333333332655e+01
6.980466666666666242e+01
6.981733333333332325e+01
6.983866666666668266e+01
6.988466666666666072e+01
6.989133333333332132e+01
6.992266666666667163e+01
6.993399999999999750e+01
6.994466666666669141e+01
6.995600000000000307e+01
6.996266666666669209e+01
6.998266666666668812e+01
6.997666666666667368e+01
6.999200000000000443e+01
6.998933333333334872e+01
6.997800000000000864e+01
6.997066666666667345e+01
6.996266666666669209e+01
6.995066666666667743e+01
6.994666666666667254e+01
6.993571428571429749e+01
6.991857142857142549e+01
6.990533333333333132e+01
6.989666666666666117e+01
6.987666666666667936e+01
6.985333333333333883e+01
6.984600000000001785e+01
6.981866666666664401e+01
6.979066666666666663e+01
6.976999999999999602e+01
6.974333333333333940e+01
6.972400000000001796e+01
6.971066666666668254e+01
6.967599999999998772e+01
6.965866666666666163e+01
6.963066666666667004e+01
6.960066666666666890e+01
6.957266666666664889e+01
6.954666666666665265e+01
6.952999999999998693e+01
6.949666666666666970e+01
6.947200000000000841e+01
6.944599999999999795e+01
6.941599999999999682e+01
6.939266666666667049e+01
6.936933333333332996e+01
6.933199999999997942e+01
6.930399999999998784e+01
6.926733333333332610e+01
6.923466666666668345e+01
6.921200000000000330e+01
6.918066666666665299e+01
6.914133333333332132e+01
6.911933333333332996e+01
6.908133333333333326e+01
6.904000000000000625e+01
6.901066666666666549e+01
6.897866666666668323e+01
6.894800000000002171e+01
6.892800000000001148e+01
6.889666666666666117e+01
6.888933333333332598e+01
6.887733333333332553e+01
6.887733333333333974e+01
6.889599999999998658e+01
6.892800000000001148e+01
6.896666666666668277e+01
6.900399999999999068e+01
6.907733333333334258e+01
6.915266666666666140e+01
6.923199999999999932e+01
6.932600000000000762e+01
6.943600000000000705e+01
6.953600000000000136e+01
6.966000000000001080e+01
6.977800000000000580e+01
6.989933333333335952e+01
7.001799999999997226e+01
7.016400000000001569e+01
7.029800000000000182e+01
7.043000000000002103e+01
7.055199999999999250e+01
7.069800000000002171e+01
7.082066666666668198e+01
7.095400000000000773e+01
7.108266666666666822e+01
7.119400000000000261e+01
7.131199999999999761e+01
7.140999999999999659e+01
7.151399999999998158e+01
7.159933333333333394e+01
7.167266666666665742e+01
7.175466666666666526e+01
7.181666666666667709e+01
7.186733333333333462e+01
7.190466666666665674e+01
7.194133333333334690e+01
7.198399999999999466e+01
7.200799999999999557e+01
7.202933333333332655e+01
7.205799999999997851e+01
7.206666666666664867e+01
7.208200000000000784e+01
7.208133333333331905e+01
7.208400000000000318e+01
7.208200000000000784e+01
7.207733333333329995e+01
7.206733333333332325e+01
7.205933333333331348e+01
7.204866666666664798e+01
7.200666666666667481e+01
7.200600000000001444e+01
7.197533333333333871e+01
7.195266666666665856e+01
7.192999999999999261e+01
7.191666666666665719e+01
7.190533333333333132e+01
7.187666666666665094e+01
7.185133333333334349e+01
7.183066666666667288e+01
7.182200000000001694e+01
7.179866666666666219e+01
7.178666666666664753e+01
7.176399999999999579e+01
7.172133333333334804e+01
7.169866666666665367e+01
7.167666666666667652e+01
7.166933333333332712e+01
7.164466666666666583e+01
7.162999999999998124e+01
7.161733333333334883e+01
7.159466666666666868e+01
7.158266666666668243e+01
7.157933333333332371e+01
7.155533333333332280e+01
7.154533333333331768e+01
7.153266666666665685e+01
7.152799999999999159e+01
7.150866666666667015e+01
7.149466666666667436e+01
7.148333333333333428e+01
7.147933333333334360e+01
7.146333333333333826e+01
7.146400000000001285e+01
7.144333333333335645e+01
7.143533333333331825e+01
7.142933333333333223e+01
7.142599999999998772e+01
7.142199999999999704e+01
7.141533333333333644e+01
7.141133333333331734e+01
7.140933333333332200e+01
7.140000000000000568e+01
7.139066666666666094e+01
7.139799999999998192e+01
7.141066666666665697e+01
7.141066666666667118e+01
7.139333333333334508e+01
7.140000000000000568e+01
7.141066666666665697e+01
7.141199999999999193e+01
7.141866666666666674e+01
7.142666666666667652e+01
7.144133333333333269e+01
7.145866666666667300e+01
7.146999999999999886e+01
7.149199999999999022e+01
7.150333333333333030e+01
7.151800000000000068e+01
7.154533333333333189e+01
7.156733333333333746e+01
7.158133333333333326e+01
7.162133333333332530e+01
7.164000000000000057e+01
7.166066666666665697e+01
7.171533333333333360e+01
7.177333333333332632e+01
7.182400000000001228e+01
7.188799999999999102e+01
7.196399999999999864e+01
7.206333333333333258e+01
7.214799999999999613e+01
7.224866666666666504e+01
7.237133333333332530e+01
7.246933333333332428e+01
7.259733333333333860e+01
7.271200000000000330e+01
7.281799999999999784e+01
7.291333333333335531e+01
7.298799999999999955e+01
7.306933333333334701e+01
7.314533333333332621e+01
7.319666666666667254e+01
7.323800000000001376e+01
7.327799999999999159e+01
7.332533333333331882e+01
7.333733333333333348e+01
7.337066666666666492e+01
7.338066666666667004e+01
7.340133333333332644e+01
7.340533333333333132e+01
7.340933333333332200e+01
7.341200000000000614e+01
7.341799999999999216e+01
7.340400000000001057e+01
7.339000000000000057e+01
7.338266666666665117e+01
7.335933333333332484e+01
7.334999999999999432e+01
7.332333333333332348e+01
7.329999999999998295e+01
7.328266666666665685e+01
7.325266666666666993e+01
7.321333333333335247e+01
7.318800000000003081e+01
7.317200000000001125e+01
7.313666666666667027e+01
7.311533333333333928e+01
7.307999999999999829e+01
7.303799999999999670e+01
7.301466666666667038e+01
7.298133333333335315e+01
7.295800000000001262e+01
7.292800000000001148e+01
7.290066666666665185e+01
7.286933333333332996e+01
7.283800000000000807e+01
7.280733333333331814e+01
7.277266666666666595e+01
7.273800000000001376e+01
7.271533333333334781e+01
7.268133333333335599e+01
7.265133333333332644e+01
7.263933333333332598e+01
7.262266666666666026e+01
7.260800000000000409e+01
7.256333333333331836e+01
7.249333333333333940e+01
7.244866666666666788e+01
7.241266666666666652e+01
7.243533333333336088e+01
7.245600000000000307e+01
7.246933333333332428e+01
7.245133333333335202e+01
7.240200000000000102e+01
7.235066666666666890e+01
7.225533333333333985e+01
7.215799999999998704e+01
7.206133333333332303e+01
7.196000000000000796e+01
7.190733333333331245e+01
7.185266666666667845e+01
7.181133333333330881e+01
7.174399999999998556e+01
7.168199999999998795e+01
7.162000000000001876e+01
7.157266666666666310e+01
7.152733333333331700e+01
7.146733333333334315e+01
7.143066666666666720e+01
7.140266666666666140e+01
7.137733333333333974e+01
7.134933333333333394e+01
7.131533333333331370e+01
7.127857142857142492e+01
7.124733333333333007e+01
7.123133333333333894e+01
7.123000000000000398e+01
7.124599999999999511e+01
7.129333333333332234e+01
7.132733333333334258e+01
7.137066666666666492e+01
7.141800000000002058e+01
7.148866666666665992e+01
7.155866666666666731e+01
7.165133333333332644e+01
7.178999999999999204e+01
7.190133333333331223e+01
7.203799999999999670e+01
7.214142857142857679e+01
7.221733333333332894e+01
7.227199999999997715e+01
7.225933333333333053e+01
7.225066666666667459e+01
7.222400000000000375e+01
7.218466666666667209e+01
7.215066666666666606e+01
7.212666666666667936e+01
7.212533333333334440e+01
7.215333333333333599e+01
7.218066666666668141e+01
7.222666666666667368e+01
7.228866666666664287e+01
7.235333333333333883e+01
7.241133333333335997e+01
7.247466666666667834e+01
7.254799999999998761e+01
7.262666666666665094e+01
7.268666666666668164e+01
7.276133333333332587e+01
7.283133333333331905e+01
7.289066666666666094e+01
7.294266666666668186e+01
7.299266666666666481e+01
7.305666666666665776e+01
7.311400000000000432e+01
7.316466666666666185e+01
7.321266666666666367e+01
7.325133333333333496e+01
7.329199999999997317e+01
7.333866666666666845e+01
7.336733333333333462e+01
7.340933333333332200e+01
7.344400000000001683e+01
7.347266666666668300e+01
7.350799999999999557e+01
7.352199999999999136e+01
7.354866666666664798e+01
7.358399999999998897e+01
7.360066666666668311e+01
7.361799999999999500e+01
7.364357142857143401e+01
7.366599999999999682e+01
7.368600000000000705e+01
7.370933333333333337e+01
7.371866666666667811e+01
7.373733333333332496e+01
7.375066666666666038e+01
7.376399999999998158e+01
7.376866666666666106e+01
7.379466666666665731e+01
7.379866666666664798e+01
7.380266666666666708e+01
7.381933333333331859e+01
7.379933333333332257e+01
7.374800000000000466e+01
7.367733333333332268e+01
7.357466666666665844e+01
7.347199999999999420e+01
7.337000000000001876e+01
7.325266666666668414e+01
7.316333333333332689e+01
7.305733333333333235e+01
7.295000000000000284e+01
7.287200000000001410e+01
7.277133333333333098e+01
7.267599999999998772e+01
7.258800000000000807e+01
7.249000000000000909e+01
7.243466666666667209e+01
7.238400000000000034e+01
7.232599999999999341e+01
7.225466666666667948e+01
7.219133333333334690e+01
7.214733333333333576e+01
7.210999999999999943e+01
7.206466666666663912e+01
7.202133333333333098e+01
7.196666666666666856e+01
7.190866666666667584e+01
7.185400000000001342e+01
7.181199999999998340e+01
7.178866666666664287e+01
7.178999999999997783e+01
7.182333333333332348e+01
7.182600000000000762e+01
7.182600000000000762e+01
7.181933333333330438e+01
7.181733333333332325e+01
7.181399999999999295e+01
7.182133333333332814e+01
7.181866666666664401e+01
7.182800000000000296e+01
7.184000000000000341e+01
7.186866666666666958e+01
7.189933333333331689e+01
7.190933333333332200e+01
7.192266666666665742e+01
7.192466666666665276e+01
7.190799999999998704e+01
7.188733333333333064e+01
7.185600000000000875e+01
7.185399999999999920e+01
7.186199999999999477e+01
7.189133333333332132e+01
7.194866666666668209e+01
7.201933333333332143e+01
7.208714285714286518e+01
7.217153846153846075e+01
7.224857142857142378e+01
7.234533333333334326e+01
7.242466666666669539e+01
7.252249999999999375e+01
7.261266666666666936e+01
7.269866666666668209e+01
7.277133333333331677e+01
7.286466666666666470e+01
7.292933333333334645e+01
7.298799999999999955e+01
7.304933333333332257e+01
7.312333333333332064e+01
7.316800000000002058e+01
7.321466666666668743e+01
7.325999999999999091e+01
7.331199999999998340e+01
7.334399999999999409e+01
7.337666666666667936e+01
7.341799999999999216e+01
7.344933333333334247e+01
7.346466666666668743e+01
7.349399999999999977e+01
7.352199999999999136e+01
7.353399999999997760e+01
7.355133333333333212e+01
7.356866666666668664e+01
7.359600000000000364e+01
7.359466666666666868e+01
7.361866666666668380e+01
7.361599999999998545e+01
7.362933333333333508e+01
7.362866666666666049e+01
7.364333333333334508e+01
7.363466666666666072e+01
7.363066666666667004e+01
7.363933333333331177e+01
7.363133333333333042e+01
7.363333333333333997e+01
7.362199999999999989e+01
7.362133333333333951e+01
7.361733333333333462e+01
7.358400000000000318e+01
7.353066666666664730e+01
7.347133333333336225e+01
7.337800000000000011e+01
7.327866666666666617e+01
7.316799999999999216e+01
7.305400000000000205e+01
7.293733333333332780e+01
7.281076923076923890e+01
7.268266666666666254e+01
7.258400000000001739e+01
7.244800000000000750e+01
7.234066666666666379e+01
7.223000000000001819e+01
7.213200000000000500e+01
7.205199999999999250e+01
7.196533333333333360e+01
7.188200000000000500e+01
7.179599999999999227e+01
7.169999999999998863e+01
7.162066666666666492e+01
7.155733333333333235e+01
7.147933333333335781e+01
7.141333333333332689e+01
7.136466666666666470e+01
7.128999999999999204e+01
7.124000000000000909e+01
7.117666666666666231e+01
7.114266666666667049e+01
7.110600000000000875e+01
7.110133333333332928e+01
7.109066666666667800e+01
7.108600000000001273e+01
7.107533333333336145e+01
7.108142857142858873e+01
7.110466666666667379e+01
7.113400000000000034e+01
7.114399999999999125e+01
7.115266666666666140e+01
7.117399999999999238e+01
7.118666666666669585e+01
7.121266666666666367e+01
7.124733333333333007e+01
7.125733333333333519e+01
7.124600000000000932e+01
7.124666666666666970e+01
7.123066666666667857e+01
7.121133333333335713e+01
7.120333333333334735e+01
7.120000000000000284e+01
7.118399999999998329e+01
7.119933333333332826e+01
7.121399999999999864e+01
7.122000000000001307e+01
7.121733333333334315e+01
7.124066666666666947e+01
7.124933333333333962e+01
7.125466666666666526e+01
7.127866666666666617e+01
7.127866666666665196e+01
7.128199999999998226e+01
7.128733333333330791e+01
7.129800000000000182e+01
7.130466666666667663e+01
7.130800000000000693e+01
7.131933333333333280e+01
7.131733333333333746e+01
7.131933333333333280e+01
7.132933333333333792e+01
7.133400000000001739e+01
7.133400000000000318e+01
7.133200000000000784e+01
7.134133333333333837e+01
7.133133333333334747e+01
7.133866666666668266e+01
7.133066666666667288e+01
7.133533333333335236e+01
7.133266666666666822e+01
7.132600000000000762e+01
7.132133333333331393e+01
7.132866666666667754e+01
7.132466666666667265e+01
7.131000000000000227e+01
7.130466666666666242e+01
7.130400000000000205e+01
7.130799999999999272e+01
7.129399999999999693e+01
7.128733333333333633e+01
7.129266666666666197e+01
7.127933333333332655e+01
7.123933333333334872e+01
7.116999999999998749e+01
7.111933333333334417e+01
7.104133333333332700e+01
7.095666666666667766e+01
7.086533333333333928e+01
7.081666666666666288e+01
7.084000000000000341e+01
7.093333333333335133e+01
7.104066666666668084e+01
7.111866666666666958e+01
7.116333333333334110e+01
7.119199999999999307e+01
7.118866666666667697e+01
7.115799999999998704e+01
7.111066666666667402e+01
7.105466666666664821e+01
7.101066666666666549e+01
7.097000000000001307e+01
7.100066666666666038e+01
7.101866666666666106e+01
7.101000000000000512e+01
7.099466666666667436e+01
7.096266666666666367e+01
7.094466666666667720e+01
7.093933333333332314e+01
7.091933333333332712e+01
7.089600000000000080e+01
7.085866666666667868e+01
7.081266666666665799e+01
7.076000000000000512e+01
7.073066666666666436e+01
7.071866666666667811e+01
7.067933333333333223e+01
7.064733333333333576e+01
7.061266666666666936e+01
7.057933333333332371e+01
7.054599999999999227e+01
7.050333333333333030e+01
7.045866666666668721e+01
7.043142857142858304e+01
7.037666666666667936e+01
7.035000000000000853e+01
7.033133333333331905e+01
7.030599999999998317e+01
7.028466666666665219e+01
7.026999999999999602e+01
7.025266666666666993e+01
7.024733333333333007e+01
7.024200000000000443e+01
7.022333333333334338e+01
7.020066666666667743e+01
7.018333333333335133e+01
7.014933333333333110e+01
7.010800000000000409e+01
7.008466666666666356e+01
7.007800000000000296e+01
7.008400000000001739e+01
7.011666666666666003e+01
7.013266666666666538e+01
7.016333333333332689e+01
7.018133333333335599e+01
7.020600000000000307e+01
7.023799999999999955e+01
7.026333333333332121e+01
7.027999999999998693e+01
7.030866666666666731e+01
7.033066666666667288e+01
7.037333333333334906e+01
7.039466666666665162e+01
7.042866666666667186e+01
7.046133333333334292e+01
7.047866666666666902e+01
7.050199999999999534e+01
7.053266666666665685e+01
7.056466666666665333e+01
7.058866666666666845e+01
7.062866666666667470e+01
7.064533333333334042e+01
7.068266666666667675e+01
7.070600000000000307e+01
7.073666666666666458e+01
7.075799999999999557e+01
7.078199999999998226e+01
7.081799999999999784e+01
7.083400000000001739e+01
7.085599999999999454e+01
7.087866666666666049e+01
7.091066666666667118e+01
7.095066666666666322e+01
7.097800000000000864e+01
7.098666666666666458e+01
7.101266666666666083e+01
7.103333333333331723e+01
7.106000000000000227e+01
7.107800000000000296e+01
7.107066666666666777e+01
7.103799999999999670e+01
7.102266666666666595e+01
7.095666666666667766e+01
7.090866666666664742e+01
7.085200000000000387e+01
7.078733333333333633e+01
7.073399999999999466e+01
7.068466666666668630e+01
7.061066666666665981e+01
7.053666666666666174e+01
7.046666666666668277e+01
7.041199999999999193e+01
7.037466666666665560e+01
7.036266666666666936e+01
7.035599999999999454e+01
7.034400000000000830e+01
7.031799999999998363e+01
7.027599999999999625e+01
7.024333333333333940e+01
7.020866666666668721e+01
7.018266666666666254e+01
7.014066666666666094e+01
7.008466666666666356e+01
7.005866666666663889e+01
7.001799999999998647e+01
7.000199999999999534e+01
6.995933333333336179e+01
6.992533333333332735e+01
6.989499999999999602e+01
6.987533333333334440e+01
6.984466666666666868e+01
6.982933333333332371e+01
6.980466666666664821e+01
6.979199999999997317e+01
6.978133333333332189e+01
6.982600000000000762e+01
6.988200000000000500e+01
6.997800000000000864e+01
7.006866666666665822e+01
7.015933333333333621e+01
7.022933333333334360e+01
7.028266666666665685e+01
7.034066666666667800e+01
7.039466666666665162e+01
7.045333333333334735e+01
7.051666666666665151e+01
7.058066666666665867e+01
7.063266666666666538e+01
7.067266666666668584e+01
7.068000000000002103e+01
7.069533333333335179e+01
7.070000000000003126e+01
7.067533333333334156e+01
7.066866666666668095e+01
7.065266666666667561e+01
7.064000000000001478e+01
7.063866666666666561e+01
7.062666666666665094e+01
7.062599999999999056e+01
7.062666666666665094e+01
7.065799999999998704e+01
7.069000000000001194e+01
7.070466666666668232e+01
7.074399999999998556e+01
7.078400000000000603e+01
7.082666666666666799e+01
7.086133333333333439e+01
7.090714285714285836e+01
7.094600000000001216e+01
7.099600000000000932e+01
7.104866666666664798e+01
7.107133333333334235e+01
7.110266666666666424e+01
7.114466666666665162e+01
7.116933333333331291e+01
7.120533333333332848e+01
7.124600000000000932e+01
7.125799999999999557e+01
7.128466666666665219e+01
7.129666666666666686e+01
7.131333333333334679e+01
7.133933333333334303e+01
7.135800000000000409e+01
7.136266666666666936e+01
7.137133333333333951e+01
7.137533333333334440e+01
7.138200000000000500e+01
7.138399999999998613e+01
7.138400000000000034e+01
7.138933333333332598e+01
7.139399999999999125e+01
7.138533333333332109e+01
7.138599999999999568e+01
7.137266666666667447e+01
7.136799999999999500e+01
7.136599999999999966e+01
7.135933333333335327e+01
7.134466666666666868e+01
7.134333333333333371e+01
7.131199999999998340e+01
7.129399999999999693e+01
7.129799999999998761e+01
7.127399999999998670e+01
7.126666666666666572e+01
7.123799999999999955e+01
7.122533333333332450e+01
7.120933333333333337e+01
7.118866666666667697e+01
7.116599999999999682e+01
7.114200000000001012e+01
7.113666666666667027e+01
7.112000000000001876e+01
7.110133333333332928e+01
7.109266666666667334e+01
7.108800000000000807e+01
7.107733333333334258e+01
7.107666666666666799e+01
7.109799999999999898e+01
7.110666666666665492e+01
7.112266666666667447e+01
7.114333333333330245e+01
7.120333333333333314e+01
7.125214285714285722e+01
7.129199999999997317e+01
7.135200000000001808e+01
7.143000000000000682e+01
7.151599999999999113e+01
7.160599999999999454e+01
7.170599999999998886e+01
7.181066666666666265e+01
7.189799999999999613e+01
7.205400000000000205e+01
7.222466666666666413e+01
7.241600000000001103e+01
7.257866666666667754e+01
7.270466666666668232e+01
7.280666666666665776e+01
7.290500000000000114e+01
7.298733333333332496e+01
7.308933333333334303e+01
7.317466666666669539e+01
7.328533333333332678e+01
7.339200000000001012e+01
7.348066666666666436e+01
7.356571428571429294e+01
7.366714285714286348e+01
7.372533333333332450e+01
7.378199999999998226e+01
7.383200000000000784e+01
7.387466666666665560e+01
7.390666666666668050e+01
7.393066666666666720e+01
7.393600000000000705e+01
7.392800000000002569e+01
7.392200000000001125e+01
7.389933333333333110e+01
