7.472266666666668300e+01
7.471133333333332871e+01
7.506733333333333746e+01
7.517799999999998306e+01
7.521133333333334292e+01
7.545142857142856485e+01
7.559733333333332439e+01
7.569142857142857395e+01
7.569200000000000728e+01
7.563400000000000034e+01
7.561266666666666936e+01
7.568999999999999773e+01
7.571466666666665901e+01
7.552133333333333098e+01
7.551933333333333564e+01
7.551666666666666572e+01
7.539333333333334508e+01
7.536333333333332973e+01
7.540000000000000568e+01
7.534214285714286063e+01
7.516066666666667118e+01
7.516066666666665697e+01
7.500666666666667481e+01
7.505999999999997385e+01
7.509066666666666379e+01
7.514533333333334042e+01
7.522666666666667368e+01
7.521533333333333360e+01
7.536400000000001853e+01
7.535399999999998499e+01
7.539500000000001023e+01
7.536733333333334883e+01
7.535200000000000387e+01
7.534133333333332416e+01
7.530999999999998806e+01
7.544866666666666788e+01
7.529999999999998295e+01
7.522933333333335781e+01
7.510599999999999454e+01
7.513266666666666538e+01
7.509799999999999898e+01
7.508599999999999852e+01
7.504199999999998738e+01
7.501615384615382709e+01
7.503749999999999432e+01
7.503866666666664287e+01
7.478533333333331257e+01
7.451600000000000534e+01
7.472266666666665458e+01
7.468466666666667209e+01
7.403466666666668061e+01
7.398600000000001842e+01
7.394500000000000739e+01
7.406333333333333258e+01
7.462533333333333019e+01
7.507333333333333769e+01
7.510999999999999943e+01
7.481666666666664867e+01
7.454333333333332234e+01
7.457933333333333792e+01
7.473230769230769965e+01
7.495599999999998886e+01
7.512399999999999523e+01
7.524428571428570933e+01
7.535615384615384471e+01
7.538000000000000966e+01
7.539866666666667072e+01
7.540000000000000568e+01
7.536214285714287087e+01
7.538666666666667027e+01
7.539133333333333553e+01
7.525800000000000978e+01
7.523933333333333451e+01
7.551142857142858134e+01
7.564999999999999147e+01
7.589214285714285779e+01
7.598533333333332962e+01
7.577133333333334519e+01
7.550071428571428100e+01
7.540466666666665674e+01
7.518866666666667697e+01
7.500285714285713823e+01
7.479199999999997317e+01
7.469466666666667720e+01
7.455666666666665776e+01
7.455357142857141639e+01
7.458266666666666822e+01
7.462133333333335372e+01
7.466733333333334599e+01
7.476199999999998624e+01
7.464400000000000546e+01
7.460533333333334838e+01
7.463333333333333997e+01
7.454933333333333678e+01
7.442533333333332735e+01
7.441733333333334599e+01
7.471799999999998931e+01
7.496266666666664946e+01
7.527933333333336918e+01
7.548266666666664548e+01
7.556933333333333280e+01
7.570999999999999375e+01
7.590333333333335020e+01
7.597800000000000864e+01
7.593666666666666742e+01
7.575333333333334451e+01
7.580266666666666708e+01
7.592857142857141639e+01
7.580466666666667663e+01
7.594933333333332826e+01
7.607599999999999341e+01
7.611733333333333462e+01
7.611933333333334417e+01
7.613466666666666072e+01
7.614133333333333553e+01
7.619666666666667254e+01
7.619533333333332337e+01
7.630999999999998806e+01
7.632599999999999341e+01
7.636733333333333462e+01
7.647266666666665458e+01
7.657533333333334724e+01
7.662533333333333019e+01
7.663599999999999568e+01
7.670533333333334269e+01
7.669666666666667254e+01
7.667714285714286859e+01
7.674666666666665549e+01
7.676000000000000512e+01
7.677133333333333098e+01
7.688666666666669869e+01
7.695800000000002683e+01
7.693866666666667697e+01
7.687599999999999056e+01
7.678785714285713482e+01
7.669666666666667254e+01
7.673666666666666458e+01
7.669333333333334224e+01
7.662533333333334440e+01
7.665230769230768715e+01
7.613500000000000512e+01
7.621333333333333826e+01
7.624599999999999511e+01
7.623066666666666436e+01
7.624733333333331586e+01
7.623533333333334383e+01
7.629666666666665265e+01
7.626399999999999579e+01
7.630666666666667197e+01
7.627000000000001023e+01
7.619000000000001194e+01
7.618866666666667697e+01
7.630999999999998806e+01
7.636599999999998545e+01
7.635466666666667379e+01
7.635399999999999920e+01
7.617000000000000171e+01
7.612800000000000011e+01
7.617733333333333690e+01
7.609666666666666401e+01
7.601866666666667527e+01
7.596266666666669209e+01
7.591133333333331734e+01
7.608333333333332860e+01
7.631533333333332791e+01
7.642133333333332246e+01
7.649933333333333962e+01
7.680466666666667663e+01
7.700466666666667948e+01
7.689533333333332621e+01
7.683333333333332860e+01
7.668333333333335133e+01
7.658333333333332860e+01
7.648266666666668812e+01
7.641799999999997794e+01
7.643933333333333735e+01
7.643066666666666720e+01
7.636066666666667402e+01
7.620066666666664901e+01
7.588533333333332109e+01
7.562800000000000011e+01
7.555333333333332746e+01
7.560666666666665492e+01
7.566733333333333178e+01
7.568000000000000682e+01
7.568933333333335156e+01
7.566400000000000148e+01
7.565133333333332644e+01
7.575133333333333496e+01
7.615733333333334087e+01
7.647333333333332916e+01
7.637066666666667913e+01
7.628533333333332678e+01
7.621666666666668277e+01
7.639133333333332132e+01
7.659933333333334815e+01
7.666466666666666185e+01
7.671266666666669209e+01
7.684466666666665446e+01
7.718466666666667209e+01
7.728066666666667572e+01
7.734733333333332439e+01
7.742428571428573036e+01
7.737399999999999523e+01
7.732266666666666310e+01
7.739642857142857224e+01
7.732199999999998852e+01
7.728333333333331723e+01
7.733785714285714619e+01
7.745533333333334269e+01
7.751199999999998624e+01
7.759866666666667356e+01
7.761533333333333928e+01
7.765466666666665674e+01
7.772071428571429408e+01
7.773466666666668345e+01
7.768933333333333735e+01
7.769866666666668209e+01
7.763599999999999568e+01
7.762714285714284301e+01
7.767266666666667163e+01
7.766666666666668561e+01
7.775933333333333053e+01
7.770533333333331427e+01
7.754266666666667618e+01
7.751066666666665128e+01
7.739066666666666094e+01
7.736266666666666936e+01
7.736933333333332996e+01
7.728266666666667106e+01
7.734928571428572752e+01
7.733000000000001251e+01
7.666749999999998977e+01
7.668866666666667697e+01
7.673466666666666924e+01
7.673266666666668812e+01
7.648466666666666924e+01
7.624266666666669323e+01
7.628428571428571558e+01
7.638266666666666538e+01
7.645333333333334735e+01
7.658866666666666845e+01
7.673499999999998522e+01
7.684999999999999432e+01
7.696200000000000330e+01
7.678000000000001535e+01
7.656266666666665799e+01
7.651333333333333542e+01
7.673600000000001842e+01
7.674066666666666947e+01
7.694400000000000261e+01
7.735399999999999920e+01
7.762733333333333974e+01
7.785999999999999943e+01
7.800199999999998113e+01
7.809399999999999409e+01
7.802866666666665196e+01
7.752866666666665196e+01
7.722666666666668789e+01
7.703533333333332678e+01
7.696666666666665435e+01
7.714600000000000080e+01
7.704800000000000182e+01
7.692666666666667652e+01
7.680999999999998806e+01
7.665466666666665674e+01
7.664533333333332621e+01
7.646599999999999397e+01
7.644533333333335179e+01
7.644599999999999795e+01
7.634799999999998477e+01
7.634000000000000341e+01
7.638266666666666538e+01
7.642866666666665765e+01
7.689333333333334508e+01
7.716333333333334110e+01
7.740357142857143913e+01
7.757466666666667265e+01
7.775333333333331609e+01
7.788133333333333042e+01
7.782666666666665378e+01
7.768733333333334201e+01
7.769466666666666299e+01
7.793000000000002103e+01
7.774733333333333007e+01
7.765533333333334554e+01
7.761733333333334883e+01
7.745733333333333803e+01
7.744000000000001194e+01
7.739333333333333087e+01
7.732399999999999807e+01
7.739533333333334042e+01
7.739333333333334508e+01
7.743800000000001660e+01
7.748666666666666458e+01
7.751666666666666572e+01
7.761428571428572809e+01
7.770466666666668232e+01
7.768733333333335622e+01
7.772133333333333383e+01
7.774133333333334406e+01
7.774733333333331586e+01
7.775133333333333496e+01
7.767066666666666208e+01
7.764571428571427703e+01
7.768642857142856428e+01
7.765533333333334554e+01
7.769071428571429294e+01
7.764399999999999125e+01
7.755666666666665776e+01
7.749333333333333940e+01
7.742600000000000193e+01
7.742133333333332246e+01
7.735999999999998522e+01
7.733933333333334303e+01
7.736333333333332973e+01
7.727600000000001046e+01
7.726333333333333542e+01
7.720400000000000773e+01
7.716466666666664764e+01
7.715200000000000102e+01
7.707285714285714562e+01
7.710933333333332484e+01
7.703466666666668061e+01
7.699266666666667902e+01
7.704066666666666663e+01
7.695200000000001239e+01
7.696933333333335270e+01
7.693066666666666720e+01
7.689266666666665628e+01
7.688400000000001455e+01
7.697928571428572297e+01
7.712933333333333508e+01
7.725928571428570990e+01
7.732666666666666799e+01
7.719066666666667231e+01
7.714933333333333110e+01
7.721000000000000796e+01
7.717866666666667186e+01
7.724266666666666481e+01
7.732133333333332814e+01
7.723866666666665992e+01
7.730933333333332769e+01
7.730733333333333235e+01
7.724933333333333962e+01
7.731466666666665333e+01
7.739266666666665628e+01
7.735666666666665492e+01
7.736799999999999500e+01
7.740133333333332644e+01
7.734200000000001296e+01
7.741571428571428726e+01
7.733199999999997942e+01
7.736066666666667402e+01
7.727866666666665196e+01
7.724428571428572354e+01
7.718214285714286405e+01
7.711999999999999034e+01
7.708133333333331905e+01
7.704600000000000648e+01
7.695733333333335224e+01
7.703133333333332189e+01
7.700066666666667459e+01
7.698666666666667879e+01
7.698666666666667879e+01
7.698333333333333428e+01
7.709466666666666868e+01
7.703933333333333167e+01
7.705066666666665753e+01
7.714466666666666583e+01
7.722800000000000864e+01
7.733333333333332860e+01
7.735599999999999454e+01
7.741466666666664764e+01
7.755266666666666708e+01
7.759199999999999875e+01
7.757466666666667265e+01
7.746266666666670631e+01
7.745666666666666345e+01
7.767466666666668118e+01
7.752666666666665662e+01
7.744933333333334247e+01
7.733466666666667777e+01
7.727599999999999625e+01
7.722800000000000864e+01
7.717533333333334156e+01
7.714357142857143401e+01
7.702800000000000580e+01
7.706000000000000227e+01
7.726600000000000534e+01
7.744599999999999795e+01
7.754333333333333655e+01
7.763000000000002387e+01
7.755400000000000205e+01
7.760666666666665492e+01
7.766866666666665253e+01
7.757933333333330950e+01
7.760571428571428498e+01
7.763399999999998613e+01
7.755933333333332769e+01
7.755266666666666708e+01
7.755666666666667197e+01
7.748066666666666436e+01
7.749066666666665526e+01
7.734266666666664491e+01
7.735200000000000387e+01
7.749133333333332985e+01
7.725333333333333030e+01
7.726533333333331655e+01
7.729133333333332700e+01
7.725266666666666993e+01
7.727133333333333098e+01
7.726533333333334497e+01
7.725142857142857622e+01
7.726000000000000512e+01
7.726799999999998647e+01
7.729466666666667152e+01
7.721733333333334315e+01
7.723466666666666924e+01
7.718266666666667675e+01
7.717333333333333201e+01
7.724866666666666504e+01
7.709666666666666401e+01
7.699142857142858531e+01
7.690799999999997283e+01
7.683866666666668266e+01
7.682799999999998875e+01
7.678466666666665219e+01
7.678533333333331257e+01
7.676066666666666549e+01
7.675312499999999716e+01
7.681266666666664378e+01
7.681533333333332791e+01
7.686799999999999500e+01
7.687133333333332530e+01
7.687933333333333508e+01
7.687500000000000000e+01
7.684600000000000364e+01
7.691200000000000614e+01
7.687733333333332553e+01
7.684133333333332416e+01
7.688400000000000034e+01
7.682133333333331393e+01
7.680999999999997385e+01
7.673266666666668812e+01
7.669800000000000750e+01
7.668400000000001171e+01
7.664200000000002433e+01
7.672199999999999420e+01
7.679928571428568773e+01
7.685533333333333417e+01
7.691666666666667140e+01
7.687733333333332553e+01
7.617499999999999716e+01
7.583466666666666356e+01
7.563666666666667027e+01
7.546500000000000341e+01
7.586666666666664582e+01
7.621733333333331473e+01
7.635666666666666913e+01
7.652266666666666595e+01
7.661733333333334883e+01
7.666466666666666185e+01
7.678333333333331723e+01
7.533666666666665890e+01
7.565466666666665674e+01
7.600600000000001444e+01
7.626666666666667993e+01
7.647066666666664503e+01
7.666733333333333178e+01
7.687133333333332530e+01
7.690799999999998704e+01
7.692466666666668118e+01
7.691666666666667140e+01
7.685133333333332928e+01
7.703142857142856315e+01
7.697400000000000375e+01
7.691066666666665697e+01
7.676866666666666106e+01
7.674800000000000466e+01
7.673866666666668834e+01
7.669333333333335645e+01
7.669266666666666765e+01
7.668333333333333712e+01
7.670642857142857451e+01
7.679999999999996874e+01
7.676933333333332143e+01
7.684214285714286063e+01
7.693133333333335599e+01
7.695199999999999818e+01
7.700866666666664173e+01
7.705400000000000205e+01
7.703666666666664753e+01
7.709066666666666379e+01
7.711533333333333928e+01
7.709499999999999886e+01
7.712599999999997635e+01
7.712866666666666049e+01
7.710066666666668311e+01
7.713666666666667027e+01
7.703000000000000114e+01
7.696266666666669209e+01
7.685666666666665492e+01
7.672066666666665924e+01
7.661200000000000898e+01
7.658599999999999852e+01
7.664428571428571502e+01
7.669400000000000261e+01
7.649133333333332985e+01
7.602800000000000580e+01
7.585999999999998522e+01
7.575357142857144765e+01
7.565799999999998704e+01
7.562333333333334906e+01
7.557266666666666310e+01
7.559933333333333394e+01
7.567785714285712118e+01
7.602466666666668971e+01
7.619866666666668209e+01
7.600266666666666993e+01
7.573066666666666436e+01
7.567200000000001125e+01
7.559866666666665935e+01
7.570666666666667766e+01
7.563799999999999102e+01
7.570266666666667277e+01
7.584600000000000364e+01
7.573600000000000421e+01
7.549333333333333940e+01
7.534799999999999898e+01
7.553333333333333144e+01
7.543199999999998795e+01
7.538266666666666538e+01
7.545666666666666345e+01
7.552199999999999136e+01
7.575066666666664617e+01
7.589866666666667072e+01
7.614200000000001012e+01
7.627933333333332655e+01
7.631933333333331859e+01
7.631133333333333724e+01
7.638571428571427191e+01
7.646399999999999864e+01
7.652066666666664219e+01
7.658799999999999386e+01
7.661266666666666936e+01
7.656733333333333746e+01
7.641866666666668095e+01
7.635999999999999943e+01
7.622466666666667834e+01
7.629199999999998738e+01
7.638333333333333997e+01
7.641266666666666652e+01
7.624933333333333962e+01
7.606933333333333280e+01
7.582199999999998852e+01
7.569599999999999795e+01
7.564466666666665162e+01
7.554733333333334144e+01
7.546000000000002217e+01
7.539466666666665162e+01
7.550866666666667015e+01
7.583400000000000318e+01
7.595214285714284586e+01
7.600333333333334451e+01
7.630466666666666242e+01
7.651799999999998647e+01
7.662066666666666492e+01
7.668266666666667675e+01
7.664133333333332132e+01
7.663866666666666561e+01
7.691066666666668539e+01
7.680733333333333235e+01
7.670133333333335202e+01
7.664000000000000057e+01
7.658733333333333348e+01
7.657066666666665355e+01
7.651533333333333076e+01
7.649800000000000466e+01
7.652666666666665662e+01
7.654466666666665731e+01
7.660133333333332928e+01
7.657666666666665378e+01
7.663466666666667493e+01
7.675199999999999534e+01
7.680714285714286405e+01
7.688133333333333042e+01
7.687266666666667447e+01
7.685066666666666890e+01
7.690400000000001057e+01
7.693357142857144026e+01
7.696466666666668743e+01
7.695733333333333803e+01
7.697400000000001796e+01
7.695133333333335202e+01
7.692466666666668118e+01
7.693600000000000705e+01
7.688200000000000500e+01
7.681666666666664867e+01
7.670800000000002683e+01
7.661133333333333439e+01
7.659466666666666868e+01
7.661799999999999500e+01
7.669200000000002149e+01
7.677866666666663775e+01
7.681666666666664867e+01
7.675066666666666038e+01
7.676857142857143401e+01
7.674733333333333007e+01
7.657600000000000762e+01
7.634266666666667334e+01
7.637333333333334906e+01
7.657066666666666777e+01
7.589866666666667072e+01
7.592857142857141639e+01
7.587066666666666492e+01
7.584733333333333860e+01
7.572266666666669721e+01
7.566733333333333178e+01
7.567000000000001592e+01
7.567866666666667186e+01
7.565066666666665185e+01
7.563666666666668448e+01
7.543733333333334201e+01
7.544266666666665344e+01
7.530199999999997829e+01
7.527599999999999625e+01
7.514066666666666094e+01
7.522066666666665924e+01
7.555066666666668596e+01
7.570466666666666811e+01
7.577399999999997249e+01
7.583933333333334303e+01
7.607200000000001694e+01
7.612466666666666981e+01
7.620266666666667277e+01
7.621866666666667811e+01
7.625066666666664617e+01
7.629399999999999693e+01
7.619933333333332826e+01
7.609399999999999409e+01
7.591466666666666185e+01
7.579066666666666663e+01
7.567333333333333201e+01
7.555266666666666708e+01
7.541133333333331734e+01
7.531466666666665333e+01
7.526399999999999579e+01
7.517066666666666208e+01
7.510066666666665469e+01
7.499333333333333940e+01
7.502066666666664219e+01
7.509466666666665446e+01
7.541200000000000614e+01
7.570533333333332848e+01
7.587666666666665094e+01
7.607933333333333792e+01
7.631199999999999761e+01
7.648399999999998045e+01
7.670333333333333314e+01
7.691200000000002035e+01
7.695800000000001262e+01
7.719666666666665833e+01
7.725533333333332564e+01
7.723399999999999466e+01
7.729800000000000182e+01
7.731933333333334701e+01
7.766133333333335997e+01
7.760999999999998522e+01
7.746800000000000352e+01
7.749733333333333007e+01
7.743399999999998329e+01
7.740199999999998681e+01
7.741466666666666185e+01
7.737466666666665560e+01
7.739533333333332621e+01
7.740785714285713937e+01
7.753533333333332678e+01
7.752600000000001046e+01
7.747199999999999420e+01
7.762199999999999989e+01
7.759200000000001296e+01
7.763733333333334485e+01
7.765285714285712970e+01
7.755666666666665776e+01
7.752199999999999136e+01
7.748466666666666924e+01
7.752600000000001046e+01
7.748666666666667879e+01
7.753999999999999204e+01
7.756933333333334701e+01
7.740933333333333621e+01
7.735400000000001342e+01
7.722800000000000864e+01
7.714466666666666583e+01
7.722400000000000375e+01
7.718785714285715471e+01
7.718785714285715471e+01
7.706399999999999295e+01
7.704666666666666686e+01
7.665066666666666606e+01
7.601999999999999602e+01
7.571000000000002217e+01
7.563066666666665583e+01
7.562399999999999523e+01
7.569466666666667720e+01
7.576933333333333564e+01
7.582933333333333792e+01
7.601285714285712913e+01
7.604066666666668084e+01
7.598199999999999932e+01
7.599333333333332519e+01
7.628933333333333167e+01
7.667153846153844654e+01
7.701428571428571956e+01
7.732200000000001694e+01
7.758266666666668243e+01
7.781333333333333258e+01
7.811066666666665981e+01
7.830533333333333701e+01
7.844866666666666788e+01
7.868200000000000216e+01
7.897066666666665924e+01
7.923533333333331541e+01
7.931066666666666265e+01
7.934333333333331950e+01
7.916733333333331757e+01
7.911866666666668380e+01
7.930266666666665287e+01
7.957533333333334724e+01
8.002199999999999136e+01
8.048600000000000421e+01
8.052000000000001023e+01
8.055133333333334633e+01
8.082071428571428839e+01
8.077499999999999147e+01
7.998466666666666924e+01
7.945357142857143629e+01
7.923333333333334849e+01
7.992000000000001592e+01
8.038199999999999079e+01
8.070266666666665856e+01
8.086666666666666003e+01
8.086733333333332041e+01
8.084399999999999409e+01
8.087933333333332087e+01
8.090000000000000568e+01
8.090066666666668027e+01
8.089333333333334508e+01
8.086666666666668846e+01
8.046599999999997976e+01
8.007799999999998875e+01
7.853666666666666174e+01
7.854066666666663821e+01
7.853866666666664287e+01
7.857266666666664889e+01
7.855133333333331791e+01
7.851000000000000512e+01
7.829800000000000182e+01
7.748733333333333917e+01
7.700866666666667015e+01
7.680799999999999272e+01
7.662333333333332064e+01
7.657071428571428839e+01
7.692266666666665742e+01
7.724000000000000909e+01
7.739266666666667049e+01
7.791666666666667140e+01
7.837066666666666492e+01
7.869333333333332803e+01
7.894266666666665344e+01
7.914571428571430545e+01
7.928466666666666640e+01
7.948066666666665014e+01
7.966400000000000148e+01
7.986799999999999500e+01
8.006866666666668664e+01
8.022571428571427532e+01
8.037066666666667913e+01
8.033200000000000784e+01
7.965266666666667561e+01
7.918800000000000239e+01
7.907999999999999829e+01
7.957400000000001228e+01
8.008733333333333348e+01
8.046799999999998931e+01
8.069666666666667254e+01
8.074785714285714278e+01
8.077599999999999625e+01
8.079399999999996851e+01
8.082666666666665378e+01
8.087066666666667913e+01
8.095866666666667300e+01
8.103600000000000136e+01
8.111399999999999011e+01
8.114799999999999613e+01
8.116285714285716324e+01
8.116571428571430147e+01
8.101400000000002422e+01
8.080333333333335588e+01
8.029800000000000182e+01
7.955066666666667174e+01
7.902733333333331700e+01
7.911866666666668380e+01
7.930199999999999250e+01
7.938800000000000523e+01
7.950666666666664639e+01
7.960285714285714675e+01
7.971533333333333360e+01
7.981642857142857395e+01
7.983266666666666822e+01
7.984600000000000364e+01
7.994933333333332826e+01
8.001200000000000045e+01
7.995466666666668232e+01
7.990466666666667095e+01
7.994666666666667254e+01
8.031999999999997897e+01
8.024399999999998556e+01
8.054066666666668084e+01
8.072466666666667834e+01
8.078066666666664730e+01
8.089133333333332132e+01
8.080733333333333235e+01
8.079599999999999227e+01
8.082533333333330461e+01
8.079800000000000182e+01
8.057133333333334235e+01
8.020533333333331427e+01
8.006199999999998340e+01
7.999399999999999977e+01
7.994666666666668675e+01
7.990400000000001057e+01
7.988399999999998613e+01
7.985533333333333417e+01
7.975266666666668414e+01
7.975533333333332564e+01
7.972533333333335293e+01
7.961666666666666003e+01
7.951399999999999579e+01
7.949999999999998579e+01
7.955133333333331791e+01
7.949666666666666970e+01
7.938733333333333064e+01
7.932266666666666310e+01
7.925733333333333519e+01
7.910071428571426111e+01
7.910066666666666890e+01
7.906866666666664401e+01
7.898933333333334872e+01
7.895466666666668232e+01
7.888066666666665583e+01
7.884866666666665935e+01
7.882071428571427418e+01
7.878066666666664730e+01
7.868533333333334667e+01
7.801800000000000068e+01
7.759666666666664980e+01
7.741866666666666674e+01
7.717266666666665742e+01
7.699133333333334406e+01
7.692285714285715414e+01
7.693266666666667675e+01
7.694400000000001683e+01
7.696266666666669209e+01
7.695800000000002683e+01
7.697600000000002751e+01
7.695400000000000773e+01
7.704399999999999693e+01
7.701533333333333076e+01
7.700666666666666060e+01
7.697733333333333405e+01
7.697642857142857054e+01
7.696333333333335247e+01
7.697133333333334804e+01
7.708733333333334770e+01
7.709399999999999409e+01
7.709199999999999875e+01
7.709400000000002251e+01
7.715214285714286291e+01
7.743733333333332780e+01
7.801307692307692321e+01
7.843769230769228784e+01
7.869399999999998840e+01
7.885928571428571843e+01
7.888733333333333064e+01
7.881928571428569796e+01
7.880999999999998806e+01
7.887428571428571900e+01
7.894733333333333292e+01
7.906866666666665822e+01
7.915428571428572013e+01
7.915333333333333599e+01
7.918857142857143572e+01
7.917615384615383789e+01
7.911571428571427589e+01
7.910285714285714675e+01
7.911214285714285666e+01
7.908928571428569398e+01
7.907642857142856485e+01
7.911500000000000909e+01
7.940266666666666140e+01
7.962199999999999989e+01
7.976866666666664685e+01
7.995615384615385324e+01
7.975466666666667948e+01
7.964399999999999125e+01
7.962785714285713823e+01
7.962333333333334906e+01
7.967133333333335088e+01
7.961571428571427589e+01
7.963461538461538680e+01
7.964785714285713425e+01
7.970400000000000773e+01
7.969600000000001216e+01
7.969333333333334224e+01
7.977071428571427703e+01
7.973733333333333917e+01
7.960666666666664071e+01
7.967066666666667629e+01
7.973666666666666458e+01
7.974866666666666504e+01
7.981500000000002615e+01
7.991200000000000614e+01
7.997733333333333405e+01
8.004666666666666686e+01
8.010428571428572297e+01
8.012533333333333019e+01
8.010466666666664537e+01
8.007000000000000739e+01
8.003799999999998249e+01
8.008999999999998920e+01
8.013666666666668448e+01
8.019866666666666788e+01
8.028333333333331723e+01
8.029399999999999693e+01
8.030428571428571161e+01
8.034307692307692150e+01
8.033866666666666845e+01
8.032500000000000284e+01
8.032071428571428839e+01
8.032866666666664912e+01
8.038400000000001455e+01
8.041066666666665697e+01
8.045066666666666322e+01
8.045285714285714107e+01
8.039066666666664673e+01
8.037714285714287143e+01
8.031066666666666265e+01
8.033142857142856030e+01
8.039733333333333576e+01
8.039357142857144822e+01
8.037571428571426679e+01
8.044642857142856940e+01
8.046785714285715585e+01
8.050692307692307281e+01
8.045928571428569853e+01
8.040533333333334554e+01
8.034928571428572752e+01
8.032333333333330927e+01
8.035285714285714675e+01
8.032066666666665355e+01
8.033153846153845734e+01
8.032615384615382936e+01
8.031857142857141696e+01
8.033857142857142719e+01
8.030785714285714505e+01
8.025785714285713368e+01
8.025999999999999091e+01
8.031533333333332791e+01
8.031666666666664867e+01
8.032714285714284586e+01
8.039083333333333314e+01
8.045285714285715528e+01
8.049428571428570933e+01
8.048857142857141866e+01
8.052923076923076451e+01
8.066230769230770647e+01
8.081615384615385267e+01
8.093083333333333940e+01
8.111928571428572354e+01
8.127923076923076451e+01
8.140750000000001307e+01
8.149499999999999034e+01
8.159714285714287030e+01
8.164266666666667049e+01
8.168923076923078952e+01
8.173928571428572809e+01
8.175399999999999068e+01
8.167499999999999716e+01
8.157199999999997431e+01
8.152066666666665640e+01
8.144933333333337089e+01
8.119866666666668209e+01
8.059266666666665913e+01
8.020266666666665856e+01
7.997466666666666413e+01
8.022533333333332450e+01
8.041133333333333155e+01
8.056866666666665822e+01
8.072399999999998954e+01
8.078866666666664287e+01
8.081999999999999318e+01
8.093466666666668630e+01
8.100533333333332564e+01
8.104866666666663377e+01
8.103466666666665219e+01
8.100400000000000489e+01
8.095200000000001239e+01
8.096266666666669209e+01
8.097533333333333871e+01
8.092866666666667186e+01
8.085533333333333417e+01
8.084599999999998943e+01
8.081799999999998363e+01
8.077066666666665640e+01
8.076333333333332121e+01
8.084266666666665913e+01
8.084600000000000364e+01
8.085133333333331507e+01
8.086666666666668846e+01
8.098733333333331075e+01
8.105999999999998806e+01
8.112333333333334906e+01
8.120666666666667766e+01
8.115599999999999170e+01
8.111066666666665981e+01
8.111571428571427589e+01
8.120133333333335202e+01
8.120800000000001262e+01
8.129733333333329881e+01
8.136466666666666470e+01
8.136333333333332973e+01
8.140200000000000102e+01
8.139266666666664207e+01
8.126333333333334963e+01
8.104133333333334122e+01
8.093333333333333712e+01
8.087199999999999989e+01
8.079800000000000182e+01
8.075999999999997669e+01
8.076285714285714334e+01
8.069266666666666765e+01
8.070133333333335202e+01
8.069066666666667231e+01
8.068999999999999773e+01
8.013533333333333530e+01
7.961666666666666003e+01
7.922466666666666413e+01
7.891933333333331291e+01
7.859333333333331950e+01
7.835714285714286120e+01
7.818599999999999284e+01
7.801333333333333542e+01
7.770266666666667277e+01
7.745266666666665856e+01
7.785357142857142776e+01
7.816000000000002501e+01
7.790866666666666163e+01
7.770214285714284586e+01
7.767066666666666208e+01
7.799866666666666504e+01
7.830200000000000671e+01
7.853933333333333167e+01
7.876266666666664662e+01
7.892066666666667629e+01
7.896000000000000796e+01
7.902428571428569626e+01
7.915266666666666140e+01
7.931466666666665333e+01
7.934333333333334792e+01
7.941000000000001080e+01
7.946266666666666367e+01
7.955666666666667197e+01
7.978133333333332189e+01
7.993400000000001171e+01
8.006399999999999295e+01
8.012533333333334440e+01
8.020266666666667277e+01
8.028600000000000136e+01
8.032466666666668687e+01
8.038733333333333064e+01
8.040600000000000591e+01
8.032133333333334235e+01
7.984133333333333837e+01
7.956599999999998829e+01
7.945000000000000284e+01
7.930799999999999272e+01
7.930199999999999250e+01
7.956266666666665799e+01
7.950933333333334474e+01
7.933599999999998431e+01
7.941133333333333155e+01
7.957799999999998875e+01
7.958666666666665890e+01
7.961999999999999034e+01
7.973266666666667390e+01
7.975266666666666993e+01
7.977133333333331677e+01
7.980466666666664821e+01
7.987733333333333974e+01
7.987933333333333508e+01
7.982599999999999341e+01
7.979133333333332700e+01
7.969133333333334690e+01
7.980466666666666242e+01
7.968333333333332291e+01
7.942199999999998283e+01
7.941071428571430602e+01
7.947785714285714675e+01
7.946066666666668254e+01
7.943200000000000216e+01
7.946071428571430317e+01
7.942200000000001125e+01
7.943466666666667209e+01
7.957733333333334258e+01
7.964400000000000546e+01
7.952600000000001046e+01
7.950933333333333053e+01
7.950133333333333496e+01
7.943333333333333712e+01
7.908599999999999852e+01
7.910600000000000875e+01
7.911666666666668846e+01
7.906666666666664867e+01
7.897400000000000375e+01
7.903666666666664753e+01
7.897199999999999420e+01
7.894266666666668186e+01
7.888214285714285268e+01
7.869999999999998863e+01
7.855933333333331348e+01
7.851733333333332610e+01
7.835466666666665958e+01
7.828866666666664287e+01
7.825266666666666993e+01
7.811933333333331575e+01
7.804066666666666663e+01
7.789333333333333087e+01
7.778600000000000136e+01
7.778333333333331723e+01
7.784066666666666379e+01
7.784466666666666868e+01
7.775066666666667459e+01
7.782866666666664912e+01
7.776866666666667527e+01
7.689466666666666583e+01
7.630466666666666242e+01
7.667733333333332268e+01
7.688400000000000034e+01
7.697733333333333405e+01
7.734000000000000341e+01
7.766333333333334110e+01
7.793933333333333735e+01
7.782799999999998875e+01
7.772466666666666413e+01
7.764266666666665628e+01
7.757733333333332837e+01
7.758733333333334770e+01
7.764999999999999147e+01
7.767333333333336043e+01
7.779428571428570649e+01
7.802800000000000580e+01
7.825999999999997669e+01
7.833800000000000807e+01
7.834399999999999409e+01
7.848333333333332007e+01
7.857999999999998408e+01
7.879733333333329881e+01
7.906571428571429294e+01
7.929933333333332257e+01
7.916333333333332689e+01
7.910599999999999454e+01
7.910533333333333417e+01
7.904533333333330347e+01
7.910066666666666890e+01
7.906133333333330881e+01
7.904666666666663843e+01
7.911933333333334417e+01
7.915466666666667095e+01
7.909599999999998943e+01
7.918133333333335599e+01
7.927866666666665196e+01
7.931642857142854552e+01
7.924733333333334429e+01
7.906933333333333280e+01
7.877733333333330279e+01
7.807133333333334235e+01
7.743200000000000216e+01
7.787533333333333019e+01
7.827866666666665196e+01
7.876800000000000068e+01
7.906400000000000716e+01
7.904266666666666197e+01
7.894599999999999795e+01
7.883066666666664446e+01
7.882571428571428385e+01
7.880799999999997851e+01
7.894533333333332337e+01
7.913000000000000966e+01
7.924866666666665083e+01
7.932799999999998875e+01
7.930799999999997851e+01
7.926200000000000045e+01
7.913199999999999079e+01
7.916800000000002058e+01
7.907866666666663491e+01
7.894533333333332337e+01
7.887666666666667936e+01
7.884466666666665446e+01
7.874600000000000932e+01
7.874533333333333474e+01
7.864799999999998192e+01
7.858153846153847155e+01
7.860666666666665492e+01
7.857133333333331393e+01
7.851866666666666106e+01
7.852399999999998670e+01
7.837400000000000944e+01
7.837400000000000944e+01
7.834874999999999545e+01
