7.771071428571427475e+01
7.739666666666667538e+01
7.565733333333332666e+01
7.422266666666664037e+01
7.309266666666668755e+01
7.224066666666666947e+01
7.157333333333332348e+01
7.100533333333333985e+01
7.058999999999998920e+01
7.021733333333332894e+01
6.992199999999999704e+01
6.966400000000000148e+01
6.944666666666665833e+01
6.922400000000000375e+01
6.909866666666667356e+01
6.897000000000001307e+01
6.876800000000000068e+01
6.865866666666667584e+01
6.860600000000000875e+01
6.850866666666667015e+01
6.846666666666666856e+01
6.842600000000000193e+01
6.828466666666666640e+01
6.816933333333332712e+01
6.805666666666667197e+01
6.797666666666667368e+01
6.790866666666666163e+01
6.784133333333332416e+01
6.776333333333333542e+01
6.770199999999998397e+01
6.759799999999999898e+01
6.753533333333331257e+01
6.739933333333334531e+01
6.730999999999997385e+01
6.726266666666667504e+01
6.721866666666666390e+01
6.709999999999999432e+01
6.704199999999998738e+01
6.699333333333332519e+01
6.696800000000000352e+01
6.698799999999998533e+01
6.700066666666667459e+01
6.694399999999998840e+01
6.687461538461538169e+01
6.693000000000000682e+01
6.686666666666667425e+01
6.681266666666667220e+01
6.667666666666666231e+01
6.658133333333334747e+01
6.652733333333333121e+01
6.644933333333332826e+01
6.642133333333335088e+01
6.634533333333332905e+01
6.623600000000001842e+01
6.624500000000000455e+01
6.779333333333333655e+01
7.004533333333334610e+01
7.211599999999999966e+01
7.383999999999998920e+01
7.516599999999999682e+01
7.626800000000000068e+01
7.718266666666666254e+01
7.791933333333331291e+01
7.833857142857142719e+01
7.880533333333332280e+01
7.920066666666664901e+01
7.947399999999997533e+01
7.975599999999998602e+01
8.000000000000000000e+01
8.015428571428572013e+01
8.044785714285715983e+01
8.070866666666664457e+01
8.089066666666666094e+01
8.111733333333334883e+01
8.118800000000000239e+01
8.128799999999998249e+01
8.143200000000001637e+01
8.156533333333335634e+01
8.168266666666664833e+01
8.180066666666665753e+01
8.182533333333336145e+01
8.181399999999999295e+01
8.184533333333334326e+01
8.189733333333330734e+01
8.194857142857142662e+01
8.209333333333334792e+01
8.223266666666668812e+01
8.229199999999997317e+01
8.231266666666667220e+01
8.238333333333335418e+01
8.056600000000000250e+01
7.927933333333334076e+01
7.830066666666667174e+01
7.676333333333332121e+01
7.454666666666665265e+01
7.304866666666664798e+01
7.199533333333333474e+01
7.121533333333333360e+01
7.055714285714286405e+01
7.010333333333332462e+01
6.972066666666667345e+01
6.947666666666667368e+01
6.928466666666666640e+01
6.909866666666667356e+01
6.891866666666666674e+01
6.878000000000000114e+01
6.857199999999998852e+01
6.837599999999999056e+01
6.816933333333334133e+01
6.800066666666667459e+01
6.788000000000000966e+01
6.783266666666665401e+01
6.780799999999999272e+01
6.779399999999999693e+01
6.774000000000000909e+01
6.774266666666667902e+01
6.774266666666666481e+01
6.768000000000000682e+01
6.760399999999998499e+01
6.763066666666665583e+01
6.760333333333332462e+01
6.754799999999998761e+01
6.756666666666666288e+01
6.754266666666666197e+01
6.747199999999999420e+01
6.745800000000001262e+01
6.739733333333332155e+01
6.732399999999998386e+01
6.729399999999999693e+01
6.731199999999999761e+01
6.731066666666666265e+01
6.738866666666666561e+01
6.741333333333332689e+01
6.733999999999998920e+01
6.732857142857140786e+01
6.740133333333332644e+01
6.747333333333334338e+01
6.741400000000000148e+01
6.734866666666664514e+01
6.732538461538462116e+01
6.715666666666666629e+01
6.692933333333333223e+01
6.666800000000002058e+01
6.664000000000000057e+01
6.826357142857143856e+01
7.044866666666666788e+01
7.217466666666665276e+01
7.331533333333332791e+01
7.440466666666665674e+01
7.494533333333332337e+01
7.528400000000002024e+01
7.571599999999999397e+01
7.619666666666665833e+01
7.652133333333333098e+01
7.678133333333333610e+01
7.695000000000001705e+01
7.685400000000001342e+01
7.697066666666665924e+01
7.710266666666666424e+01
7.704599999999999227e+01
7.700000000000000000e+01
7.704200000000000159e+01
7.708533333333330972e+01
7.729066666666668084e+01
7.753857142857144424e+01
7.751866666666666106e+01
7.769533333333332337e+01
7.809799999999999898e+01
7.821800000000000352e+01
7.804800000000000182e+01
7.873642857142856144e+01
7.970600000000000307e+01
8.020000000000000284e+01
7.952666666666667084e+01
7.902066666666664219e+01
7.869999999999998863e+01
7.846733333333332894e+01
7.837733333333332553e+01
7.829599999999999227e+01
7.815571428571431056e+01
7.801200000000000045e+01
7.791000000000001080e+01
7.788333333333333997e+01
7.786799999999999500e+01
7.782666666666665378e+01
7.780333333333332746e+01
7.782733333333334258e+01
7.734000000000000341e+01
7.561199999999999477e+01
7.447866666666665481e+01
7.356733333333333746e+01
7.276133333333334008e+01
7.206266666666667220e+01
7.147399999999998954e+01
7.095399999999999352e+01
7.051866666666666106e+01
7.015999999999999659e+01
6.985133333333331507e+01
6.966799999999999216e+01
6.949857142857140957e+01
6.947200000000000841e+01
6.945799999999999841e+01
6.942333333333333201e+01
6.940866666666667584e+01
6.940466666666667095e+01
6.941466666666666185e+01
6.937399999999998101e+01
6.943466666666667209e+01
6.936599999999999966e+01
6.926133333333332587e+01
6.923333333333333428e+01
6.923000000000000398e+01
6.918999999999999773e+01
6.913266666666666538e+01
6.910666666666665492e+01
6.902785714285712970e+01
6.893142857142856883e+01
6.882800000000000296e+01
6.872000000000001307e+01
6.862800000000000011e+01
6.859000000000000341e+01
6.857066666666668198e+01
6.857066666666668198e+01
6.853466666666666640e+01
6.848600000000000421e+01
6.843000000000000682e+01
6.835571428571428498e+01
6.833666666666665890e+01
6.831266666666665799e+01
6.826933333333333564e+01
6.826066666666665128e+01
6.824923076923076337e+01
7.439615384615385096e+01
7.528199999999999648e+01
7.591866666666668095e+01
7.629599999999999227e+01
7.635733333333334372e+01
7.644785714285714562e+01
7.707333333333332348e+01
7.752666666666667084e+01
7.790066666666666606e+01
7.825066666666666038e+01
7.849666666666666970e+01
7.873133333333332473e+01
7.899333333333332519e+01
7.892000000000001592e+01
7.895266666666667277e+01
7.904266666666667618e+01
7.912600000000001899e+01
7.769599999999999795e+01
7.578199999999999648e+01
7.448266666666667390e+01
7.400933333333333053e+01
7.553000000000000114e+01
7.677800000000000580e+01
7.771266666666666367e+01
7.835600000000000875e+01
7.864266666666665628e+01
7.884866666666667356e+01
7.907866666666669175e+01
7.939133333333332132e+01
7.974733333333331586e+01
7.983066666666665867e+01
7.994333333333334224e+01
7.996666666666668277e+01
7.947333333333332916e+01
7.743200000000000216e+01
7.603571428571429180e+01
7.489199999999999591e+01
7.396133333333334292e+01
7.319692307692308475e+01
7.253600000000001558e+01
7.203600000000000136e+01
7.158199999999997942e+01
7.135999999999999943e+01
7.113933333333334019e+01
7.093266666666666254e+01
7.079999999999999716e+01
7.064200000000001012e+01
7.053333333333333144e+01
7.047666666666667368e+01
7.032533333333334724e+01
7.024000000000002331e+01
7.014000000000000057e+01
7.005333333333332746e+01
6.999533333333332052e+01
6.994599999999999795e+01
6.985399999999999920e+01
6.977066666666668482e+01
6.972600000000001330e+01
6.967333333333333201e+01
6.957933333333333792e+01
6.949533333333333474e+01
6.942333333333333201e+01
6.935466666666667379e+01
6.929533333333331768e+01
6.926399999999999579e+01
6.920133333333333781e+01
6.910999999999999943e+01
6.902266666666666595e+01
6.898333333333333428e+01
6.890857142857143458e+01
6.883866666666666845e+01
6.872200000000000841e+01
6.862666666666667936e+01
6.853000000000000114e+01
6.849733333333333007e+01
6.841599999999999682e+01
6.835214285714286575e+01
6.826333333333333542e+01
6.821928571428573207e+01
6.817571428571427816e+01
6.811866666666666958e+01
6.804733333333334144e+01
6.797714285714287996e+01
6.793800000000000239e+01
6.787400000000000944e+01
6.780599999999999739e+01
6.772999999999998977e+01
6.767000000000000171e+01
6.760923076923076280e+01
6.754066666666666663e+01
6.746733333333332894e+01
6.736333333333331552e+01
6.731799999999998363e+01
6.723199999999999932e+01
6.714866666666667072e+01
6.705399999999998784e+01
6.701200000000000045e+01
6.695266666666665856e+01
6.682799999999998875e+01
6.676000000000000512e+01
6.667733333333333690e+01
6.661466666666667891e+01
6.651866666666666106e+01
6.647200000000000841e+01
6.637933333333334929e+01
6.635733333333332951e+01
6.628066666666667572e+01
6.619466666666667720e+01
6.607733333333334258e+01
6.598533333333334383e+01
6.598133333333332473e+01
6.591266666666668073e+01
6.580333333333332746e+01
6.574600000000000932e+01
6.578733333333332212e+01
6.573066666666666436e+01
6.563666666666668448e+01
6.549466666666667436e+01
6.540266666666667561e+01
6.526200000000001467e+01
6.522066666666665924e+01
6.510399999999999920e+01
6.506533333333332791e+01
6.498133333333333894e+01
6.495066666666667743e+01
6.500199999999999534e+01
6.518733333333332780e+01
6.527733333333331700e+01
6.547600000000001330e+01
6.570066666666667743e+01
6.590533333333334554e+01
6.601733333333332610e+01
6.616600000000001103e+01
6.638133333333334463e+01
6.658066666666664446e+01
6.667800000000001148e+01
6.678399999999997760e+01
6.690066666666666606e+01
6.698666666666666458e+01
6.709733333333333860e+01
6.716533333333333644e+01
6.725600000000000023e+01
6.734333333333333371e+01
6.744133333333333269e+01
6.750466666666666526e+01
6.752599999999999625e+01
6.758400000000000318e+01
6.766599999999999682e+01
6.768066666666666720e+01
6.773666666666666458e+01
6.779199999999998738e+01
6.781066666666666265e+01
6.780866666666666731e+01
6.783133333333334747e+01
6.782866666666664912e+01
6.779066666666665242e+01
6.779733333333332723e+01
6.783133333333333326e+01
6.783133333333333326e+01
6.785933333333333906e+01
6.786199999999999477e+01
6.783533333333333815e+01
6.779466666666665731e+01
6.773866666666667413e+01
6.768866666666666276e+01
6.767533333333334156e+01
6.768933333333335156e+01
6.761133333333333439e+01
6.759933333333333394e+01
6.759533333333332905e+01
6.750399999999999068e+01
6.749466666666667436e+01
6.744499999999999318e+01
6.737133333333333951e+01
6.739066666666666094e+01
6.734133333333332416e+01
6.727866666666666617e+01
6.722533333333333871e+01
6.720733333333333803e+01
6.714199999999999591e+01
6.712000000000000455e+01
6.706733333333333746e+01
6.704800000000000182e+01
6.697333333333334338e+01
6.696866666666667811e+01
6.691199999999999193e+01
6.688000000000000966e+01
6.679399999999999693e+01
6.677999999999998693e+01
6.675600000000001444e+01
6.668866666666666276e+01
6.660466666666667379e+01
6.656866666666665822e+01
6.645866666666668721e+01
6.640533333333334554e+01
6.635600000000002296e+01
6.633866666666664003e+01
6.629333333333333655e+01
6.624266666666666481e+01
6.626066666666666549e+01
6.621066666666668254e+01
6.612999999999998124e+01
6.609066666666666379e+01
6.604857142857143515e+01
6.593800000000001660e+01
6.579266666666666197e+01
6.578600000000000136e+01
6.569266666666668186e+01
6.558533333333333815e+01
6.557266666666666310e+01
6.557666666666665378e+01
6.556999999999999318e+01
6.549466666666666015e+01
6.550333333333334451e+01
6.548266666666665969e+01
6.537866666666666049e+01
6.537333333333332064e+01
6.542999999999999261e+01
6.551199999999998624e+01
6.552800000000000580e+01
6.559133333333333837e+01
6.564333333333334508e+01
6.549266666666666481e+01
6.543066666666666720e+01
6.540533333333334554e+01
6.542400000000000659e+01
6.548066666666666436e+01
6.558399999999998897e+01
6.568285714285713084e+01
6.571642857142856542e+01
6.579933333333332257e+01
6.592666666666666231e+01
7.205800000000000693e+01
7.153266666666665685e+01
7.115933333333333621e+01
7.086266666666666936e+01
7.060666666666665492e+01
7.042266666666665742e+01
7.024285714285714732e+01
7.009357142857140843e+01
6.993733333333332780e+01
6.980866666666665310e+01
6.967199999999999704e+01
6.952733333333334542e+01
6.950799999999999557e+01
6.945600000000000307e+01
6.931133333333330881e+01
6.925799999999999557e+01
6.920266666666667277e+01
6.912066666666667913e+01
6.903466666666668061e+01
6.896599999999999397e+01
6.886533333333333928e+01
6.876933333333333564e+01
6.873266666666668812e+01
6.862400000000000944e+01
6.851133333333334008e+01
6.843066666666666720e+01
6.831399999999999295e+01
6.822933333333335781e+01
6.810799999999998988e+01
6.800133333333333496e+01
6.793999999999999773e+01
6.786200000000000898e+01
6.784799999999999898e+01
6.776933333333333564e+01
6.769800000000002171e+01
6.768200000000001637e+01
6.758466666666666356e+01
6.753466666666665219e+01
6.750200000000000955e+01
6.741533333333332223e+01
6.732266666666666310e+01
6.730733333333333235e+01
6.731000000000000227e+01
6.730733333333331814e+01
6.725533333333333985e+01
6.710600000000000875e+01
6.708142857142857451e+01
6.686933333333332996e+01
6.650133333333333496e+01
6.607714285714284586e+01
6.578400000000000603e+01
6.608733333333333348e+01
6.804999999999999716e+01
7.041400000000000148e+01
7.223600000000000421e+01
7.378666666666666174e+01
7.510866666666667868e+01
7.616199999999999193e+01
7.694066666666667231e+01
7.753799999999999670e+01
7.811600000000001387e+01
7.850600000000001444e+01
7.898066666666663593e+01
7.918933333333332314e+01
7.946200000000001751e+01
7.944400000000000261e+01
7.965333333333335020e+01
7.960066666666666890e+01
7.965866666666667584e+01
7.982266666666666310e+01
7.976333333333333542e+01
7.817866666666664344e+01
7.567133333333332246e+01
7.389066666666664673e+01
7.243214285714284983e+01
7.130333333333332746e+01
7.086999999999999034e+01
7.262466666666665560e+01
7.437357142857142378e+01
7.570266666666667277e+01
7.673333333333333428e+01
7.759599999999998943e+01
7.813000000000000966e+01
7.864066666666666094e+01
7.928666666666664753e+01
7.954933333333335099e+01
7.994533333333332337e+01
8.031133333333332303e+01
8.067599999999998772e+01
8.114133333333333553e+01
8.152733333333334542e+01
8.169266666666665344e+01
8.187466666666665560e+01
8.217733333333333690e+01
8.229199999999998738e+01
8.233533333333335236e+01
8.244133333333334690e+01
8.255066666666668596e+01
8.208066666666665867e+01
7.954733333333334144e+01
7.811571428571429010e+01
7.696266666666664946e+01
7.604200000000000159e+01
7.524933333333335383e+01
7.447466666666669255e+01
7.388800000000000523e+01
7.332999999999999829e+01
7.282666666666666799e+01
7.238200000000000500e+01
7.196266666666666367e+01
7.161333333333331552e+01
7.129333333333333655e+01
7.097466666666667834e+01
7.073866666666665992e+01
7.056333333333331836e+01
7.032733333333332837e+01
7.017800000000001148e+01
6.999399999999999977e+01
6.985533333333333417e+01
6.967400000000000659e+01
6.949199999999999022e+01
6.938400000000000034e+01
6.926999999999999602e+01
6.906600000000000250e+01
6.896466666666667322e+01
6.881266666666667220e+01
6.873600000000000421e+01
6.862066666666667913e+01
6.847533333333333871e+01
6.837066666666665071e+01
6.816133333333333155e+01
6.805466666666666242e+01
6.796866666666667811e+01
6.788333333333333997e+01
6.785333333333333883e+01
6.774000000000000909e+01
6.762933333333334929e+01
6.757133333333331393e+01
6.751733333333331188e+01
6.747200000000000841e+01
6.746733333333334315e+01
6.752733333333330279e+01
6.748666666666666458e+01
6.746999999999999886e+01
6.760333333333332462e+01
6.767769230769229694e+01
6.763666666666667027e+01
6.771399999999998442e+01
6.936400000000000432e+01
7.161733333333333462e+01
7.352599999999999625e+01
7.507533333333331882e+01
7.634266666666665913e+01
7.729200000000000159e+01
7.810466666666667379e+01
7.868933333333332314e+01
7.917066666666667629e+01
7.955599999999998317e+01
7.982333333333333769e+01
7.995866666666667300e+01
8.023666666666666458e+01
8.035866666666667868e+01
8.051133333333331166e+01
8.047400000000000375e+01
8.061199999999999477e+01
8.085533333333331996e+01
8.084400000000000830e+01
8.088428571428570990e+01
8.097066666666665924e+01
8.027466666666667550e+01
7.774133333333334406e+01
7.593599999999999284e+01
7.446666666666668277e+01
7.326799999999998647e+01
7.229666666666666686e+01
7.155866666666666731e+01
7.096266666666664946e+01
7.039866666666668493e+01
6.985533333333333417e+01
6.929399999999999693e+01
6.879533333333333189e+01
6.834733333333333860e+01
6.795571428571427930e+01
6.762666666666665094e+01
6.731266666666665799e+01
6.702799999999999159e+01
6.678533333333332678e+01
6.675533333333333985e+01
6.684133333333332416e+01
6.751066666666665128e+01
6.797733333333333405e+01
6.846066666666665412e+01
6.895399999999999352e+01
6.935733333333332951e+01
6.971000000000000796e+01
7.010714285714286120e+01
7.044799999999999329e+01
7.075000000000001421e+01
7.112533333333334440e+01
7.132400000000001228e+01
7.148999999999999488e+01
7.169933333333332826e+01
7.191133333333333155e+01
7.207133333333332814e+01
7.215133333333334065e+01
7.221533333333333360e+01
7.224333333333333940e+01
7.219666666666667254e+01
7.213066666666668425e+01
7.215666666666668050e+01
7.215933333333335042e+01
7.222466666666666413e+01
7.219000000000001194e+01
7.212533333333334440e+01
7.199333333333333940e+01
7.192333333333333201e+01
7.191733333333331757e+01
7.191133333333331734e+01
7.184533333333334326e+01
7.176071428571428612e+01
7.160800000000001830e+01
7.145357142857142208e+01
7.136666666666666003e+01
7.129600000000000648e+01
7.123199999999999932e+01
7.124466666666667436e+01
7.115200000000000102e+01
7.105857142857142605e+01
7.102999999999998693e+01
7.088133333333333042e+01
7.075600000000000023e+01
7.073000000000000398e+01
7.061666666666666003e+01
7.052399999999998670e+01
7.038933333333332598e+01
7.028666666666664753e+01
7.022000000000001307e+01
7.018200000000001637e+01
7.005866666666665310e+01
6.992000000000000171e+01
6.999533333333332052e+01
7.186200000000000898e+01
7.411866666666666958e+01
7.576600000000000534e+01
7.714785714285713425e+01
7.812142857142855235e+01
7.884133333333332416e+01
7.936733333333333462e+01
7.976133333333335429e+01
8.011066666666667402e+01
8.042599999999998772e+01
8.068666666666666742e+01
8.078199999999999648e+01
8.087733333333333974e+01
8.099066666666665526e+01
8.109466666666666868e+01
8.153133333333333610e+01
8.195066666666667743e+01
8.240266666666666140e+01
8.277866666666666617e+01
8.295599999999997465e+01
8.328333333333334565e+01
8.363357142857141469e+01
8.394266666666665344e+01
8.431733333333333746e+01
8.456285714285714050e+01
8.398466666666666924e+01
8.191666666666665719e+01
8.123266666666668812e+01
8.220399999999999352e+01
8.316199999999999193e+01
8.398266666666664548e+01
8.451466666666667038e+01
8.499533333333333474e+01
8.532200000000001694e+01
8.567199999999999704e+01
8.603400000000002024e+01
8.632533333333334724e+01
8.660600000000002296e+01
8.686666666666666003e+01
8.716933333333332712e+01
8.643733333333334201e+01
8.581333333333334679e+01
8.555666666666665776e+01
8.529466666666667152e+01
8.452799999999999159e+01
8.376599999999999113e+01
8.325533333333332564e+01
8.289533333333334042e+01
8.207933333333332371e+01
8.033333333333332860e+01
7.947933333333334360e+01
7.889866666666667072e+01
7.818400000000001171e+01
7.758866666666669687e+01
7.708933333333332882e+01
7.653999999999999204e+01
7.603733333333333633e+01
7.563266666666666538e+01
7.529133333333332700e+01
7.545399999999999352e+01
7.645000000000000284e+01
7.728933333333333167e+01
7.786466666666665049e+01
7.838400000000001455e+01
7.873799999999998533e+01
7.904466666666665731e+01
7.911800000000000921e+01
7.924533333333332052e+01
7.942533333333334156e+01
7.935285714285714675e+01
7.935066666666666890e+01
7.949600000000000932e+01
7.931466666666666754e+01
7.938800000000000523e+01
7.946800000000001774e+01
7.926999999999999602e+01
7.937599999999999056e+01
7.956266666666665799e+01
7.924133333333334406e+01
7.918599999999999284e+01
7.923133333333335315e+01
7.903133333333333610e+01
7.880400000000000205e+01
7.882333333333330927e+01
7.885266666666666424e+01
7.861266666666668357e+01
7.845133333333333781e+01
7.848199999999999932e+01
7.829333333333333655e+01
7.828466666666668061e+01
7.832666666666665378e+01
7.830866666666665310e+01
7.821266666666664946e+01
7.794533333333333758e+01
7.786133333333332018e+01
7.787533333333333019e+01
7.735999999999999943e+01
7.695066666666667743e+01
7.695571428571429351e+01
7.772599999999998488e+01
7.904466666666667152e+01
8.035799999999997567e+01
8.137333333333332064e+01
8.210733333333332951e+01
8.284999999999999432e+01
8.341933333333331291e+01
8.374399999999999977e+01
8.401066666666666549e+01
8.410066666666665469e+01
8.418599999999999284e+01
8.434666666666666401e+01
8.438333333333333997e+01
8.440000000000000568e+01
8.453199999999996805e+01
8.467266666666667163e+01
8.478133333333332189e+01
8.489333333333334508e+01
8.505066666666667174e+01
8.508733333333336191e+01
8.516266666666666652e+01
8.534799999999998477e+01
8.534799999999999898e+01
8.549866666666665083e+01
8.562666666666667936e+01
8.585266666666666424e+01
8.623866666666667413e+01
8.650933333333333053e+01
8.641000000000002501e+01
8.657866666666669175e+01
8.680400000000000205e+01
8.681066666666666265e+01
8.693466666666667209e+01
8.720333333333333314e+01
8.744466666666667720e+01
8.775266666666666993e+01
8.786400000000003274e+01
8.740071428571430090e+01
8.525866666666668436e+01
8.417266666666665742e+01
8.339666666666668959e+01
8.277600000000001046e+01
8.243200000000000216e+01
8.201200000000000045e+01
8.179666666666668107e+01
8.148000000000001819e+01
8.150066666666666038e+01
8.135066666666665469e+01
8.135400000000001342e+01
8.118266666666666254e+01
8.132999999999998408e+01
8.138400000000000034e+01
8.114800000000001035e+01
8.119599999999999795e+01
8.133200000000000784e+01
8.123266666666664548e+01
8.100666666666667481e+01
8.106533333333332791e+01
8.081933333333333280e+01
8.084933333333334815e+01
8.099466666666664594e+01
8.062199999999998568e+01
8.069866666666666788e+01
8.046533333333333360e+01
8.054600000000000648e+01
8.053266666666667106e+01
8.039799999999999613e+01
8.040933333333332200e+01
8.032800000000000296e+01
8.023933333333333451e+01
8.035733333333334372e+01
8.021399999999999864e+01
7.992400000000000659e+01
7.995333333333333314e+01
8.000999999999997669e+01
7.948000000000000398e+01
7.958866666666666845e+01
7.973133333333333894e+01
7.990200000000000102e+01
7.961999999999999034e+01
7.918866666666666276e+01
7.910999999999999943e+01
7.901866666666666106e+01
7.858466666666666356e+01
7.867200000000001125e+01
7.873333333333333428e+01
7.815799999999998704e+01
7.812800000000000011e+01
7.812599999999999056e+01
7.823333333333333428e+01
7.834866666666667356e+01
7.833333333333332860e+01
7.817499999999999716e+01
7.761199999999999477e+01
7.721866666666666390e+01
7.724466666666667436e+01
7.733799999999999386e+01
7.826800000000000068e+01
7.933200000000000784e+01
8.047466666666666413e+01
8.123666666666666458e+01
8.191266666666666652e+01
8.238933333333334019e+01
8.270133333333332359e+01
8.302933333333334076e+01
8.325333333333331609e+01
8.342133333333332246e+01
8.369266666666666765e+01
8.392199999999998283e+01
8.409000000000000341e+01
8.430266666666668129e+01
8.453199999999999648e+01
8.476133333333334008e+01
8.497199999999999420e+01
8.508599999999998431e+01
8.505733333333333235e+01
8.514666666666668959e+01
8.483133333333331905e+01
8.281199999999999761e+01
8.163857142857143856e+01
8.087599999999999056e+01
8.026199999999998624e+01
7.961599999999999966e+01
7.907999999999999829e+01
7.883799999999997965e+01
7.840133333333332644e+01
7.818800000000001660e+01
7.801999999999999602e+01
7.779933333333333678e+01
7.757066666666666777e+01
7.750666666666667481e+01
7.740266666666666140e+01
7.739000000000002899e+01
7.743866666666666276e+01
7.743200000000000216e+01
7.747466666666666413e+01
7.737466666666665560e+01
7.742333333333334622e+01
7.745866666666667300e+01
7.756799999999999784e+01
7.765333333333333599e+01
7.770266666666665856e+01
7.767733333333333690e+01
7.764800000000001035e+01
7.766733333333333178e+01
7.761400000000000432e+01
7.773000000000000398e+01
7.784466666666666868e+01
7.793533333333333246e+01
7.791333333333334110e+01
7.798466666666666924e+01
7.802199999999999136e+01
7.794333333333334224e+01
7.802133333333333098e+01
7.811333333333332973e+01
7.802266666666666595e+01
7.800799999999999557e+01
7.800733333333333519e+01
7.794333333333334224e+01
7.796500000000000341e+01
7.801333333333332121e+01
7.783785714285714619e+01
7.787333333333332064e+01
7.778266666666667106e+01
7.790133333333332644e+01
7.781066666666666265e+01
7.776399999999999579e+01
7.778066666666667572e+01
7.770466666666668232e+01
7.762133333333331109e+01
7.763642857142858134e+01
7.760599999999999454e+01
7.764600000000000080e+01
7.758071428571427930e+01
7.764733333333332155e+01
7.756599999999998829e+01
7.757200000000001694e+01
7.754933333333335099e+01
7.741666666666667140e+01
7.744666666666667254e+01
7.751399999999999579e+01
7.733400000000000318e+01
7.740866666666666163e+01
7.745923076923077133e+01
7.740200000000001523e+01
7.740200000000001523e+01
7.735999999999998522e+01
7.732933333333333792e+01
7.734533333333332905e+01
7.723866666666667413e+01
7.725266666666666993e+01
7.725399999999999068e+01
7.720266666666665856e+01
7.720600000000003149e+01
7.716400000000000148e+01
7.714933333333333110e+01
7.709066666666666379e+01
7.705933333333334190e+01
7.712599999999999056e+01
7.703533333333334099e+01
7.697533333333332450e+01
7.701066666666665128e+01
7.694333333333332803e+01
7.690000000000000568e+01
7.694000000000001194e+01
7.697066666666667345e+01
7.695933333333333337e+01
7.693000000000000682e+01
7.692533333333334156e+01
7.687666666666667936e+01
7.682357142857142662e+01
7.676692307692306372e+01
7.670000000000000284e+01
7.656933333333331859e+01
7.641333333333334110e+01
7.618066666666666720e+01
7.589733333333333576e+01
7.569846153846155801e+01
7.546642857142855121e+01
7.531466666666666754e+01
7.526399999999998158e+01
7.522133333333334804e+01
7.515599999999999170e+01
7.501533333333333076e+01
7.495533333333334269e+01
7.490999999999999659e+01
7.500333333333333030e+01
7.511214285714287087e+01
7.520133333333333781e+01
7.531846153846154834e+01
7.551266666666667504e+01
7.589799999999999613e+01
7.650533333333333985e+01
7.669800000000000750e+01
7.687399999999999523e+01
7.689666666666668959e+01
7.694428571428572639e+01
7.702533333333330745e+01
7.709266666666665913e+01
7.709999999999999432e+01
7.721333333333333826e+01
7.723933333333333451e+01
7.744000000000001194e+01
7.750066666666664617e+01
7.751533333333333076e+01
7.754666666666666686e+01
7.763466666666664651e+01
7.770933333333336179e+01
7.767933333333333223e+01
7.772866666666666902e+01
7.779133333333331279e+01
7.778733333333333633e+01
7.769333333333334224e+01
7.775266666666665571e+01
7.773866666666667413e+01
7.772466666666666413e+01
7.783599999999999852e+01
7.783133333333331905e+01
7.773533333333334383e+01
7.774133333333332985e+01
7.780066666666667174e+01
7.778999999999999204e+01
7.783133333333333326e+01
7.781066666666666265e+01
7.767666666666666231e+01
7.755533333333333701e+01
7.736933333333334417e+01
7.729666666666666686e+01
7.715785714285713937e+01
7.713999999999998636e+01
7.702142857142857224e+01
7.695000000000000284e+01
7.690714285714285836e+01
7.695466666666668232e+01
7.692666666666669073e+01
7.684866666666667356e+01
7.681666666666664867e+01
7.674142857142858531e+01
7.672357142857143231e+01
7.668666666666666742e+01
7.658799999999997965e+01
7.657066666666665355e+01
7.653599999999998715e+01
7.630799999999999272e+01
7.551466666666667038e+01
7.658199999999997942e+01
7.803333333333333144e+01
7.919533333333333758e+01
8.006533333333332791e+01
8.066866666666666674e+01
8.105600000000001160e+01
8.139133333333332132e+01
8.172333333333332916e+01
8.205499999999999261e+01
8.229933333333335099e+01
8.251666666666665151e+01
8.266333333333334110e+01
8.279999999999996874e+01
8.283800000000000807e+01
8.301000000000000512e+01
8.323466666666665503e+01
8.340933333333332200e+01
8.359866666666668777e+01
8.382200000000001694e+01
8.400600000000000023e+01
8.421133333333334292e+01
8.433928571428570820e+01
8.454733333333334144e+01
8.483466666666666356e+01
8.499266666666663639e+01
8.518200000000000216e+01
8.535066666666668311e+01
8.551333333333332121e+01
8.571266666666664946e+01
8.585642857142856599e+01
8.626533333333331655e+01
8.668600000000000705e+01
8.687266666666667447e+01
8.727933333333332655e+01
8.798066666666666436e+01
8.847666666666664526e+01
8.851733333333331188e+01
8.858133333333334747e+01
8.887400000000002365e+01
8.905933333333332769e+01
8.922333333333332916e+01
8.942466666666665276e+01
8.964500000000001023e+01
8.842533333333332735e+01
8.650399999999999068e+01
8.519933333333332826e+01
8.412733333333333974e+01
8.318466666666664366e+01
8.238200000000000500e+01
8.167800000000001148e+01
8.106999999999999318e+01
8.052399999999998670e+01
8.006333333333331836e+01
7.964666666666667538e+01
7.926933333333333564e+01
7.891933333333332712e+01
7.859866666666667356e+01
7.830333333333334167e+01
7.801800000000000068e+01
7.774866666666667925e+01
7.750066666666667459e+01
7.724333333333333940e+01
7.699333333333333940e+01
7.676200000000001467e+01
7.653800000000001091e+01
7.630466666666666242e+01
7.608533333333330972e+01
7.587399999999999523e+01
7.564866666666667072e+01
7.543866666666666276e+01
7.522642857142855632e+01
7.500466666666667948e+01
7.479800000000000182e+01
7.459999999999999432e+01
7.438200000000000500e+01
7.418999999999998352e+01
7.398333333333333428e+01
7.376733333333335452e+01
7.356933333333333280e+01
7.337733333333332553e+01
7.316266666666666652e+01
7.295000000000001705e+01
7.273266666666668812e+01
7.252000000000001023e+01
7.230400000000000205e+01
7.210200000000000387e+01
7.188933333333332598e+01
7.168599999999997863e+01
7.149600000000000932e+01
7.127800000000000580e+01
7.108466666666666356e+01
7.088866666666667982e+01
7.067866666666667186e+01
7.047600000000002751e+01
7.027533333333333587e+01
7.009999999999999432e+01
6.992733333333333690e+01
6.985666666666665492e+01
7.136933333333332996e+01
7.373266666666667390e+01
7.570733333333332382e+01
7.730400000000000205e+01
7.850333333333333030e+01
7.945599999999997465e+01
8.022066666666665924e+01
8.081733333333333746e+01
8.132600000000000762e+01
8.178200000000001069e+01
8.208599999999999852e+01
8.237133333333332530e+01
8.275533333333331143e+01
8.360999999999998522e+01
8.457199999999998852e+01
8.481199999999999761e+01
8.508866666666666845e+01
8.542571428571429237e+01
8.566333333333334110e+01
8.583333333333332860e+01
8.611999999999999034e+01
8.625199999999998113e+01
8.636333333333332973e+01
8.652066666666665640e+01
8.654266666666667618e+01
8.659266666666667334e+01
8.678866666666665708e+01
8.694066666666667231e+01
8.712000000000000455e+01
8.727199999999997715e+01
8.740533333333334554e+01
8.755866666666665310e+01
8.774199999999999022e+01
8.778466666666665219e+01
8.815666666666666629e+01
8.891133333333335997e+01
8.911733333333334883e+01
8.926066666666665128e+01
8.945399999999999352e+01
8.969933333333332826e+01
8.984866666666668777e+01
8.995866666666667300e+01
9.016666666666668561e+01
9.029933333333332257e+01
9.034599999999997522e+01
8.932600000000000762e+01
8.739799999999999613e+01
8.614000000000000057e+01
8.509000000000000341e+01
8.420133333333333781e+01
8.341799999999999216e+01
8.273266666666667390e+01
8.214928571428572468e+01
8.161666666666666003e+01
8.112666666666669357e+01
8.070199999999998397e+01
8.031066666666669107e+01
7.995199999999998397e+01
7.960400000000001342e+01
7.928785714285716324e+01
7.899000000000000909e+01
7.870600000000000307e+01
7.842733333333333690e+01
7.815533333333333132e+01
7.789066666666667516e+01
7.763785714285712913e+01
7.738799999999999102e+01
7.714199999999999591e+01
7.688923076923076394e+01
7.665000000000000568e+01
7.640933333333333621e+01
7.616928571428570649e+01
7.593800000000000239e+01
7.570599999999998886e+01
7.546133333333334292e+01
7.529285714285713027e+01
