6.471571428571429863e+01
6.436733333333333462e+01
6.402642857142856769e+01
6.367066666666666919e+01
6.326333333333333542e+01
6.293133333333334178e+01
6.266066666666667118e+01
6.249000000000000199e+01
6.216999999999999460e+01
6.149333333333333229e+01
6.084400000000000119e+01
6.027133333333333809e+01
5.973066666666667146e+01
5.923357142857143032e+01
5.880466666666666953e+01
5.842333333333332490e+01
5.837533333333333019e+01
5.886666666666666714e+01
5.936066666666667402e+01
5.982866666666667044e+01
6.009266666666667334e+01
6.038199999999999790e+01
6.055199999999999960e+01
6.082800000000000296e+01
6.097466666666664992e+01
6.110199999999998255e+01
6.119600000000001216e+01
6.134466666666667578e+01
6.141666666666667140e+01
6.145800000000000551e+01
6.151533333333333786e+01
6.167399999999999238e+01
6.177466666666666839e+01
6.182399999999999807e+01
6.184733333333333860e+01
6.189799999999999613e+01
6.195066666666667032e+01
6.197399999999999665e+01
6.196000000000000085e+01
6.204266666666667618e+01
6.201071428571427901e+01
6.203266666666666396e+01
6.211066666666668112e+01
6.213666666666667737e+01
6.220600000000001017e+01
6.240933333333334332e+01
6.271733333333333604e+01
6.277933333333334787e+01
6.302266666666665884e+01
6.313562500000000455e+01
6.335199999999999676e+01
6.342333333333333201e+01
6.368866666666666276e+01
6.370200000000000529e+01
6.382733333333334969e+01
6.393733333333332780e+01
6.413733333333333064e+01
6.427866666666666617e+01
6.526333333333332121e+01
6.609866666666667356e+01
6.680533333333333701e+01
6.742266666666665742e+01
6.806499999999999773e+01
6.865000000000000568e+01
6.921933333333331007e+01
6.975933333333333053e+01
6.999600000000000932e+01
7.027866666666663775e+01
7.031600000000000250e+01
7.119444444444444287e+01
7.141533333333333644e+01
7.137199999999999989e+01
7.119466666666667720e+01
7.116266666666668073e+01
7.133133333333333326e+01
7.168333333333333712e+01
7.203866666666667129e+01
7.229933333333333678e+01
7.256799999999999784e+01
7.277799999999999159e+01
7.266333333333334110e+01
7.258266666666666822e+01
7.202666666666665662e+01
7.140533333333334554e+01
7.055333333333334167e+01
6.965599999999999170e+01
6.879142857142856826e+01
6.803933333333333167e+01
6.733733333333333348e+01
6.667999999999999261e+01
6.615599999999999170e+01
6.581466666666666754e+01
6.544928571428570763e+01
6.500266666666668414e+01
6.455333333333332746e+01
6.414800000000001035e+01
6.375533333333333275e+01
6.339133333333334264e+01
6.307066666666666066e+01
6.277866666666668038e+01
6.250466666666667237e+01
6.226599999999999824e+01
6.200285714285713823e+01
6.176571428571428868e+01
6.155999999999999517e+01
6.138266666666666538e+01
6.124533333333334184e+01
6.110866666666665736e+01
6.092399999999999238e+01
6.080333333333332035e+01
6.069333333333332092e+01
6.052999999999999403e+01
6.056142857142856428e+01
6.120357142857143629e+01
6.213599999999999568e+01
6.282533333333333303e+01
6.343666666666666032e+01
6.395142857142856485e+01
6.452666666666667084e+01
6.500333333333333030e+01
6.542928571428572582e+01
6.583866666666668266e+01
6.622866666666666902e+01
6.667999999999999261e+01
6.697733333333331984e+01
6.725153846153844484e+01
6.750533333333332564e+01
6.781466666666666754e+01
6.811599999999999966e+01
6.829799999999998761e+01
6.862533333333334440e+01
6.882733333333332837e+01
6.893666666666666742e+01
6.913800000000000523e+01
6.928799999999999670e+01
6.951928571428570081e+01
6.969800000000000750e+01
6.980733333333333235e+01
6.999599999999999511e+01
7.015600000000000591e+01
7.023066666666666436e+01
7.019599999999999795e+01
7.016799999999999216e+01
7.002466666666666129e+01
6.995000000000001705e+01
6.987666666666667936e+01
6.989200000000001012e+01
7.018200000000001637e+01
7.066666666666667140e+01
7.055266666666666708e+01
7.105199999999999250e+01
7.138266666666666538e+01
7.176600000000000534e+01
7.234799999999999898e+01
7.260666666666666913e+01
7.266266666666666652e+01
7.249666666666666970e+01
7.231999999999999318e+01
7.228533333333332678e+01
7.229133333333332700e+01
7.235866666666667868e+01
7.273199999999999932e+01
7.354300000000000637e+01
7.345200000000001239e+01
7.328666666666667595e+01
7.363666666666669869e+01
7.344066666666665810e+01
7.317400000000000659e+01
7.301399999999999579e+01
7.292999999999999261e+01
7.285071428571426111e+01
7.276066666666666549e+01
7.270066666666664901e+01
7.254933333333333678e+01
7.242933333333331802e+01
7.234999999999999432e+01
7.229599999999999227e+01
7.220333333333336157e+01
7.200733333333332098e+01
7.159866666666667356e+01
7.116599999999999682e+01
7.078800000000001091e+01
7.041400000000000148e+01
7.008599999999999852e+01
6.980133333333333212e+01
6.963933333333332598e+01
6.948142857142856599e+01
6.931666666666664867e+01
6.914000000000000057e+01
6.893399999999999750e+01
6.870428571428571729e+01
6.849600000000002353e+01
6.846599999999999397e+01
6.831866666666665822e+01
6.806800000000001205e+01
6.788666666666667027e+01
6.780866666666665310e+01
6.758266666666666822e+01
6.731866666666665822e+01
6.708466666666666356e+01
6.685066666666665469e+01
6.660333333333332462e+01
6.633666666666665890e+01
6.605400000000001626e+01
6.575666666666667481e+01
6.544466666666666299e+01
6.514571428571427703e+01
6.484866666666667356e+01
6.455733333333333235e+01
6.425666666666667481e+01
6.396666666666666856e+01
6.365666666666668050e+01
6.336733333333333462e+01
6.313000000000000256e+01
6.380133333333333212e+01
6.455571428571428783e+01
6.507285714285713141e+01
6.552333333333332632e+01
6.593642857142856428e+01
6.627066666666667061e+01
6.661200000000000898e+01
6.697857142857141355e+01
6.720666666666666345e+01
6.747933333333331518e+01
6.776066666666665128e+01
6.821333333333332405e+01
6.845866666666667300e+01
6.875333333333334451e+01
6.890933333333332200e+01
6.920133333333333781e+01
6.939999999999999147e+01
6.951333333333333542e+01
6.972428571428572752e+01
6.966499999999999204e+01
6.978799999999999670e+01
6.959466666666665446e+01
6.949666666666666970e+01
6.933538461538461206e+01
6.930466666666666242e+01
6.917800000000001148e+01
6.914799999999999613e+01
6.959733333333332439e+01
7.020066666666666322e+01
7.056933333333334701e+01
7.092333333333333201e+01
7.122642857142857054e+01
7.156266666666668641e+01
7.180666666666665776e+01
7.204533333333331768e+01
7.223333333333333428e+01
7.235666666666666913e+01
7.247333333333334338e+01
7.245357142857145050e+01
7.244800000000002171e+01
7.237533333333334440e+01
7.224733333333334429e+01
7.217800000000001148e+01
7.243714285714285950e+01
7.247066666666665924e+01
7.256600000000000250e+01
7.265928571428572980e+01
7.269800000000002171e+01
7.273399999999999466e+01
7.281333333333331836e+01
7.291066666666667118e+01
7.250999999999999091e+01
7.202866666666666617e+01
7.165666666666666629e+01
7.133999999999998920e+01
7.113733333333333064e+01
7.166357142857141582e+01
7.200866666666667015e+01
7.155466666666667663e+01
7.086933333333332996e+01
7.023266666666667390e+01
6.962933333333333508e+01
6.906799999999999784e+01
6.853466666666666640e+01
6.801800000000000068e+01
6.750333333333331609e+01
6.700799999999999557e+01
6.653133333333333610e+01
6.608066666666667288e+01
6.562933333333333508e+01
6.521266666666666367e+01
6.477800000000000580e+01
6.436399999999999011e+01
6.396533333333333360e+01
6.358733333333334059e+01
6.322666666666666657e+01
6.287928571428570734e+01
6.252200000000000557e+01
6.218142857142857594e+01
6.183866666666666845e+01
6.150999999999999801e+01
6.118266666666666254e+01
6.087266666666666026e+01
6.055533333333333701e+01
6.026866666666666816e+01
5.997466666666666413e+01
5.967333333333333201e+01
5.938199999999998369e+01
5.909466666666666157e+01
5.885799999999999699e+01
5.947071428571428697e+01
6.007999999999999829e+01
6.048333333333333428e+01
6.087733333333332553e+01
6.112533333333332308e+01
6.135600000000000875e+01
6.138933333333334019e+01
6.168266666666666964e+01
6.174333333333333229e+01
6.195333333333332604e+01
6.202933333333333366e+01
6.214200000000001012e+01
6.225933333333334474e+01
6.235199999999999676e+01
6.250133333333332786e+01
6.243866666666667697e+01
6.258333333333333570e+01
6.264200000000001012e+01
6.276666666666666572e+01
6.275733333333333519e+01
6.276066666666667260e+01
6.280933333333334190e+01
6.281799999999998363e+01
6.282600000000000762e+01
6.279785714285714704e+01
6.295600000000000307e+01
6.294666666666666544e+01
6.294533333333333047e+01
6.293133333333334178e+01
6.290599999999999881e+01
6.299266666666666481e+01
6.289399999999999835e+01
6.295599999999999596e+01
6.288733333333333775e+01
6.289666666666666828e+01
6.290666666666665918e+01
6.298000000000000398e+01
6.288466666666666072e+01
6.299333333333332519e+01
6.299466666666666725e+01
6.300000000000000000e+01
6.305600000000000449e+01
6.302666666666664952e+01
6.308933333333335014e+01
6.313266666666665117e+01
6.301933333333332854e+01
6.308933333333332172e+01
6.302866666666666617e+01
6.303600000000000847e+01
6.305066666666666464e+01
6.310799999999999699e+01
6.310599999999998744e+01
6.311066666666668112e+01
6.317133333333332956e+01
6.313400000000000745e+01
6.309733333333334571e+01
6.303733333333334343e+01
6.299266666666667192e+01
6.296333333333333115e+01
6.301599999999999824e+01
6.276200000000000756e+01
6.213933333333332598e+01
6.140133333333333354e+01
6.076333333333333542e+01
6.024066666666666947e+01
5.976733333333333320e+01
5.943266666666668385e+01
5.913499999999999801e+01
5.901400000000000290e+01
5.874199999999999733e+01
5.855285714285714249e+01
5.834600000000001074e+01
5.816266666666667362e+01
5.808066666666665157e+01
5.785600000000000165e+01
5.774866666666665793e+01
5.764800000000000324e+01
5.749866666666666504e+01
5.738928571428569825e+01
5.733666666666666600e+01
5.717066666666666208e+01
5.713133333333333042e+01
5.697600000000000620e+01
5.689200000000000301e+01
5.687466666666666981e+01
5.679866666666666930e+01
5.668799999999999528e+01
5.661800000000000210e+01
5.647933333333333650e+01
5.640400000000000347e+01
5.661733333333333462e+01
5.741800000000000637e+01
5.793799999999999528e+01
5.843866666666667697e+01
5.890133333333333354e+01
5.932533333333334014e+01
5.976999999999999602e+01
6.041533333333332934e+01
6.084466666666666868e+01
6.133333333333334281e+01
6.170642857142858162e+01
6.215066666666668027e+01
6.252599999999999625e+01
6.287000000000000455e+01
6.322266666666666879e+01
6.347200000000000131e+01
6.382666666666666799e+01
6.397199999999999420e+01
6.437133333333333951e+01
6.455466666666664821e+01
6.472933333333334360e+01
6.506000000000000227e+01
6.509999999999999432e+01
6.540333333333333599e+01
6.549200000000000443e+01
6.570733333333333803e+01
6.592266666666667163e+01
6.596799999999998931e+01
6.622666666666665947e+01
6.623666666666666458e+01
6.646800000000000352e+01
6.651733333333335452e+01
6.661200000000000898e+01
6.682399999999999807e+01
6.679714285714287314e+01
6.706533333333332791e+01
6.708666666666665890e+01
6.750866666666665594e+01
6.783399999999998897e+01
6.805933333333334190e+01
6.839866666666667072e+01
6.852333333333332632e+01
6.887266666666666026e+01
6.904466666666665731e+01
6.943733333333332780e+01
6.948933333333334872e+01
6.959333333333331950e+01
6.971600000000002240e+01
6.968800000000000239e+01
6.976399999999999579e+01
6.970066666666669164e+01
6.979466666666667152e+01
6.979933333333332257e+01
6.995866666666667300e+01
7.000266666666666993e+01
6.988916666666665378e+01
6.961599999999999966e+01
6.949133333333334406e+01
6.935666666666665492e+01
6.920733333333333803e+01
6.888866666666667982e+01
6.812199999999999989e+01
6.743999999999999773e+01
6.685133333333332928e+01
6.631933333333333280e+01
6.606133333333333724e+01
6.620571428571430772e+01
6.628333333333333144e+01
6.629866666666664798e+01
6.633714285714286518e+01
6.635333333333333883e+01
6.636333333333334394e+01
6.644357142857144538e+01
6.642266666666667163e+01
6.635399999999999920e+01
6.633785714285714619e+01
6.634866666666667356e+01
6.635733333333334372e+01
6.638333333333333997e+01
6.630800000000000693e+01
6.830666666666665776e+01
6.814266666666667049e+01
6.791466666666666185e+01
6.776666666666667993e+01
6.760133333333332928e+01
6.737066666666666492e+01
6.727533333333332166e+01
6.703066666666668993e+01
6.682599999999999341e+01
6.603733333333333633e+01
6.520666666666666345e+01
6.445933333333333337e+01
6.380733333333332524e+01
6.320333333333334025e+01
6.265066666666667317e+01
6.211800000000000210e+01
6.163600000000000279e+01
6.118200000000000927e+01
6.074199999999999022e+01
6.035600000000000875e+01
6.023866666666665992e+01
6.083999999999999631e+01
6.117866666666666475e+01
6.140400000000000347e+01
6.160199999999998965e+01
6.174285714285714022e+01
6.205866666666666731e+01
6.265866666666666873e+01
6.312533333333330887e+01
6.345933333333334048e+01
6.384133333333333127e+01
6.417266666666667163e+01
6.442466666666668118e+01
6.465333333333333599e+01
6.497866666666666902e+01
6.516000000000001080e+01
6.540000000000001990e+01
6.558599999999999852e+01
6.587800000000000011e+01
6.596399999999999864e+01
6.611866666666668380e+01
6.636733333333332041e+01
6.643466666666668630e+01
6.676399999999999579e+01
6.678533333333332678e+01
6.705000000000001137e+01
6.705933333333332769e+01
6.732933333333332371e+01
6.736800000000000921e+01
6.754199999999998738e+01
6.759733333333332439e+01
6.775733333333333519e+01
6.784785714285713709e+01
6.845866666666665878e+01
6.945333333333333314e+01
6.999357142857141412e+01
7.027333333333331211e+01
7.024066666666666947e+01
7.042666666666666231e+01
7.073200000000001353e+01
7.112133333333332530e+01
7.135933333333333906e+01
7.170133333333333781e+01
7.194866666666666788e+01
7.211400000000000432e+01
7.212266666666667447e+01
7.226399999999998158e+01
7.242333333333333201e+01
7.258866666666668266e+01
7.279800000000000182e+01
7.292533333333334156e+01
7.316666666666667140e+01
7.324266666666667902e+01
7.315399999999999636e+01
7.300600000000001444e+01
7.331133333333333724e+01
7.346533333333333360e+01
7.366333333333332689e+01
7.379266666666666197e+01
7.396000000000002217e+01
7.393466666666668630e+01
7.378666666666667595e+01
7.365133333333332644e+01
7.365733333333334087e+01
7.359666666666664980e+01
7.349285714285714732e+01
7.357866666666669175e+01
7.350000000000001421e+01
7.339333333333333087e+01
7.302466666666667550e+01
7.271733333333334315e+01
7.235600000000000875e+01
7.201133333333334008e+01
7.155400000000000205e+01
7.095400000000000773e+01
7.027066666666668482e+01
6.962400000000000944e+01
6.900866666666667015e+01
6.843133333333335599e+01
6.788214285714285268e+01
6.746599999999999397e+01
6.719133333333334690e+01
6.688333333333331154e+01
6.665000000000001990e+01
6.636200000000000898e+01
6.590933333333333621e+01
6.548933333333333451e+01
6.507466666666668687e+01
6.467133333333332246e+01
6.427933333333332655e+01
6.388599999999999568e+01
6.351466666666666328e+01
6.315733333333333377e+01
6.282785714285714818e+01
6.247800000000001575e+01
6.215266666666666850e+01
6.187866666666665338e+01
6.165066666666666606e+01
6.211333333333333684e+01
6.273266666666666680e+01
6.312933333333333508e+01
6.354399999999998983e+01
6.381533333333333502e+01
6.405933333333334190e+01
6.424466666666667436e+01
6.447866666666666902e+01
6.462399999999999523e+01
6.467666666666667652e+01
6.479000000000000625e+01
6.484733333333333860e+01
6.494333333333332803e+01
6.502933333333332655e+01
6.511733333333333462e+01
6.514600000000000080e+01
6.522933333333331518e+01
6.521857142857143685e+01
6.539866666666667072e+01
6.546666666666666856e+01
6.553533333333332678e+01
6.549928571428570478e+01
6.556333333333333258e+01
6.594933333333332826e+01
6.615200000000000102e+01
6.649266666666667902e+01
6.671466666666667322e+01
6.701533333333331655e+01
6.721866666666666390e+01
6.740800000000000125e+01
6.760133333333332928e+01
6.786733333333333462e+01
6.801733333333332610e+01
6.821466666666664480e+01
6.838666666666667027e+01
6.857600000000000762e+01
6.889200000000001012e+01
6.957333333333332348e+01
7.016285714285713482e+01
7.048199999999998511e+01
7.069666666666668675e+01
7.086599999999998545e+01
7.116533333333333644e+01
7.137133333333332530e+01
7.156000000000001648e+01
7.182866666666664912e+01
7.200857142857141469e+01
7.239071428571429578e+01
7.288071428571429067e+01
7.329533333333333189e+01
7.379599999999999227e+01
7.430066666666668596e+01
7.462066666666667913e+01
7.487199999999999989e+01
7.483599999999999852e+01
7.472800000000000864e+01
7.429866666666666219e+01
7.391200000000000614e+01
7.357714285714284586e+01
7.307066666666668198e+01
7.269333333333334224e+01
7.240133333333332644e+01
7.253000000000000114e+01
7.271333333333333826e+01
7.246800000000001774e+01
7.146714285714286063e+01
7.055066666666668596e+01
6.973466666666665503e+01
6.902400000000001512e+01
6.839466666666666583e+01
6.782933333333333792e+01
6.732200000000000273e+01
6.685066666666666890e+01
6.642066666666667629e+01
6.601133333333334008e+01
6.559866666666665935e+01
6.523399999999999466e+01
6.486866666666666958e+01
6.451000000000000512e+01
6.416933333333334133e+01
6.380600000000000449e+01
6.344333333333333513e+01
6.309533333333333616e+01
6.273466666666667635e+01
6.238066666666665583e+01
6.204266666666666907e+01
6.167999999999999972e+01
6.133933333333334303e+01
6.109466666666666868e+01
6.084733333333331728e+01
6.061533333333333218e+01
6.038266666666666538e+01
6.019133333333333269e+01
6.027066666666666350e+01
6.047266666666666168e+01
6.113133333333333752e+01
6.172333333333333627e+01
6.227266666666667305e+01
6.261200000000000188e+01
6.298266666666665969e+01
6.321066666666667544e+01
6.343933333333333024e+01
6.361866666666665537e+01
6.384200000000000585e+01
6.401600000000000534e+01
6.426866666666666106e+01
6.430066666666667174e+01
6.437999999999998124e+01
6.459933333333333394e+01
6.459200000000001296e+01
6.463666666666667027e+01
6.465866666666666163e+01
6.482800000000000296e+01
6.472999999999998977e+01
6.492666666666667652e+01
6.478071428571426793e+01
6.493142857142858304e+01
6.482999999999998408e+01
6.486333333333332973e+01
6.494133333333334690e+01
6.482800000000000296e+01
6.499266666666666481e+01
6.484666666666667822e+01
6.493933333333333735e+01
6.485266666666665003e+01
6.485599999999998033e+01
6.476666666666667993e+01
6.470866666666667300e+01
6.470399999999999352e+01
6.462666666666667936e+01
6.460866666666667868e+01
6.458333333333334281e+01
6.454266666666666197e+01
6.451866666666667527e+01
6.466066666666667118e+01
6.511999999999999034e+01
6.575200000000000955e+01
6.662133333333333951e+01
6.742266666666667163e+01
6.807266666666666310e+01
6.857466666666667265e+01
6.895466666666668232e+01
6.927799999999997738e+01
6.947599999999998488e+01
6.966733333333333178e+01
6.998133333333331052e+01
7.018533333333333246e+01
7.036599999999999966e+01
7.068000000000002103e+01
7.073866666666665992e+01
7.031999999999999318e+01
7.075066666666664617e+01
7.113533333333333530e+01
7.138866666666669403e+01
7.155466666666667663e+01
7.161266666666666936e+01
7.181533333333332791e+01
7.210666666666666913e+01
7.215666666666668050e+01
7.172199999999999420e+01
7.144400000000000261e+01
7.074866666666666504e+01
6.947466666666666413e+01
6.832066666666666777e+01
6.729999999999999716e+01
6.646533333333334781e+01
6.562214285714286177e+01
6.478466666666666640e+01
6.405533333333332280e+01
6.343800000000000239e+01
6.358666666666666600e+01
6.321428571428571530e+01
6.284600000000000364e+01
6.257866666666666333e+01
6.240200000000000102e+01
6.252266666666666595e+01
6.198285714285714221e+01
6.155933333333333479e+01
6.120266666666666566e+01
6.090666666666667339e+01
6.057800000000000296e+01
6.025866666666666305e+01
5.993200000000000216e+01
5.957466666666666555e+01
5.923866666666665992e+01
5.895714285714285552e+01
5.883333333333334991e+01
5.914733333333332865e+01
5.959333333333333371e+01
6.000199999999999534e+01
6.039000000000000057e+01
6.063800000000001234e+01
6.096200000000000330e+01
6.133733333333334059e+01
6.148600000000000421e+01
6.170533333333333559e+01
6.206666666666665577e+01
6.212733333333333974e+01
6.225333333333333030e+01
6.247857142857143486e+01
6.268199999999998795e+01
6.272800000000000153e+01
6.276857142857142691e+01
6.283933333333333593e+01
6.296533333333333360e+01
6.312600000000000477e+01
6.312133333333333240e+01
6.332000000000000739e+01
6.328500000000000369e+01
6.342799999999999727e+01
6.337599999999999767e+01
6.358799999999998676e+01
6.357266666666666310e+01
6.358533333333333815e+01
6.381066666666666976e+01
6.370733333333331672e+01
6.376933333333333564e+01
6.394266666666666765e+01
6.380266666666666708e+01
6.395333333333333314e+01
6.399066666666667658e+01
6.390666666666666629e+01
6.407866666666667754e+01
6.443933333333333735e+01
6.526066666666665128e+01
6.573266666666665969e+01
6.622000000000001307e+01
6.669533333333333758e+01
6.710333333333332462e+01
6.746999999999999886e+01
6.782500000000000284e+01
6.823066666666665014e+01
6.848933333333334872e+01
6.885466666666665958e+01
6.907266666666666310e+01
6.942400000000000659e+01
6.944266666666666765e+01
6.957666666666666799e+01
6.942400000000000659e+01
6.942071428571428271e+01
6.922866666666666902e+01
6.911999999999999034e+01
6.886066666666665981e+01
6.877200000000000557e+01
6.869266666666663923e+01
6.859733333333333860e+01
6.852866666666666617e+01
6.848799999999999955e+01
6.852266666666666595e+01
6.858066666666667288e+01
6.868000000000000682e+01
6.878533333333332678e+01
6.864800000000001035e+01
6.822466666666666413e+01
6.791200000000000614e+01
6.785999999999999943e+01
6.765133333333334065e+01
6.738200000000000500e+01
6.700866666666665594e+01
6.624666666666666970e+01
6.533799999999999386e+01
6.451071428571428612e+01
6.370666666666667055e+01
6.290599999999999170e+01
6.215266666666666850e+01
6.146333333333333826e+01
6.097333333333332916e+01
6.060666666666666913e+01
6.024066666666666237e+01
5.989866666666667072e+01
5.961666666666665293e+01
5.935133333333332928e+01
5.909533333333333616e+01
5.889266666666667760e+01
5.869400000000000261e+01
5.851199999999999335e+01
5.830066666666666464e+01
5.809466666666665446e+01
5.794600000000001216e+01
5.773133333333332473e+01
5.754199999999999449e+01
5.743800000000000239e+01
5.724800000000000466e+01
5.706933333333333280e+01
5.696799999999999642e+01
5.756933333333332570e+01
5.805799999999999983e+01
5.862466666666666271e+01
5.892200000000000415e+01
5.932466666666665844e+01
5.963733333333332354e+01
5.981400000000000006e+01
6.015399999999998926e+01
6.019799999999998619e+01
6.046333333333334537e+01
6.050333333333333030e+01
6.077533333333331456e+01
6.082399999999998386e+01
6.091066666666665697e+01
6.110933333333332484e+01
6.107533333333334014e+01
6.131133333333333724e+01
6.141600000000001103e+01
6.134533333333332905e+01
6.151666666666665151e+01
6.147199999999999420e+01
6.154785714285713993e+01
6.173400000000000887e+01
6.160285714285714675e+01
6.174142857142856400e+01
6.187599999999999056e+01
6.176199999999998624e+01
6.191400000000000148e+01
6.189857142857142236e+01
6.187133333333331819e+01
6.199266666666666481e+01
6.188066666666665583e+01
6.199399999999999977e+01
6.205799999999999983e+01
6.196357142857142719e+01
6.211400000000000432e+01
6.200066666666668169e+01
6.207933333333333792e+01
6.210133333333332928e+01
6.206071428571427617e+01
6.216666666666665009e+01
6.204599999999999937e+01
6.215733333333333377e+01
6.206066666666666976e+01
6.216200000000000614e+01
6.217999999999999972e+01
6.219399999999999551e+01
6.222466666666667123e+01
6.219266666666666765e+01
6.219600000000000506e+01
6.223333333333332007e+01
6.223800000000001376e+01
6.226785714285716011e+01
6.223133333333332473e+01
6.221999999999999886e+01
6.215800000000000836e+01
6.223533333333332962e+01
6.208066666666665867e+01
6.209133333333333837e+01
6.199799999999999756e+01
6.196799999999999642e+01
6.194400000000000261e+01
6.184266666666664491e+01
6.183599999999999852e+01
6.109928571428572042e+01
6.035733333333334372e+01
5.985066666666667601e+01
5.943333333333333002e+01
5.910799999999999699e+01
5.885600000000000165e+01
5.856133333333332303e+01
5.831533333333332791e+01
5.808866666666667555e+01
5.784666666666665691e+01
5.764600000000000790e+01
5.748800000000000665e+01
5.742066666666668340e+01
5.730933333333334190e+01
5.712399999999999523e+01
5.708466666666666356e+01
5.687133333333331819e+01
5.670600000000000307e+01
5.663133333333334463e+01
5.659800000000000608e+01
5.649466666666666725e+01
5.638266666666667248e+01
5.631066666666666976e+01
5.623733333333333206e+01
5.619133333333333269e+01
5.608200000000000784e+01
5.597928571428571587e+01
5.588733333333333775e+01
5.606666666666666998e+01
5.684266666666666623e+01
5.749666666666666970e+01
5.802000000000000313e+01
5.840133333333334065e+01
5.873533333333332251e+01
5.911666666666666714e+01
5.957000000000000028e+01
6.018733333333332780e+01
6.056400000000000006e+01
6.101799999999999358e+01
6.143600000000001415e+01
6.189266666666665628e+01
6.232133333333334235e+01
6.263142857142856457e+01
6.300133333333332786e+01
6.329399999999999693e+01
6.363733333333332354e+01
6.382466666666666555e+01
6.425066666666666038e+01
6.443399999999999750e+01
6.473142857142856599e+01
6.501733333333332610e+01
6.515666666666666629e+01
6.549999999999998579e+01
6.557133333333334235e+01
6.592399999999999238e+01
6.599533333333333474e+01
6.627133333333334519e+01
6.644666666666667254e+01
6.659666666666666401e+01
6.689533333333332621e+01
6.691133333333333155e+01
6.721266666666667788e+01
6.730199999999999250e+01
6.753199999999999648e+01
6.766533333333332223e+01
6.787933333333333508e+01
6.841466666666666185e+01
6.870266666666667277e+01
6.911400000000000432e+01
6.906933333333333280e+01
6.928333333333333144e+01
6.922999999999998977e+01
6.925199999999999534e+01
6.923600000000000421e+01
6.927333333333332632e+01
6.926133333333335429e+01
6.917999999999999261e+01
6.900066666666667459e+01
6.885466666666667379e+01
6.876357142857142435e+01
6.890266666666667561e+01
6.897666666666667368e+01
6.905307692307692946e+01
6.904599999999999227e+01
6.940066666666666606e+01
6.967200000000001125e+01
6.964866666666667072e+01
6.954999999999999716e+01
6.932666666666663957e+01
6.900866666666667015e+01
6.827933333333335497e+01
6.758933333333332882e+01
6.700399999999999068e+01
6.648866666666665992e+01
6.601600000000000534e+01
6.556642857142857395e+01
6.545999999999999375e+01
6.573285714285712800e+01
6.585399999999999920e+01
6.599866666666665083e+01
6.608866666666666845e+01
6.615733333333332666e+01
6.629266666666667618e+01
6.635333333333332462e+01
6.637333333333333485e+01
6.649999999999998579e+01
6.647400000000000375e+01
6.651133333333332587e+01
6.648666666666667879e+01
6.649333333333333940e+01
6.650600000000000023e+01
6.652066666666667061e+01
6.649066666666666947e+01
6.643000000000002103e+01
6.632199999999998852e+01
6.630933333333332769e+01
6.631600000000000250e+01
6.611733333333333462e+01
6.548428571428571843e+01
6.475866666666667015e+01
6.417733333333333690e+01
6.365800000000000125e+01
6.323533333333332962e+01
6.344333333333333513e+01
6.371933333333332428e+01
6.392400000000000659e+01
6.408466666666666356e+01
6.417466666666666697e+01
6.421000000000000796e+01
6.430733333333334656e+01
6.440333333333332178e+01
6.488200000000000500e+01
6.524866666666666504e+01
6.557933333333333792e+01
6.588533333333333530e+01
6.624066666666665526e+01
6.657200000000000273e+01
6.679466666666665731e+01
6.699666666666665549e+01
6.731466666666668175e+01
6.749733333333333007e+01
6.776266666666666083e+01
6.793133333333334178e+01
6.807599999999999341e+01
6.824866666666665083e+01
6.839133333333333553e+01
6.861799999999999500e+01
6.869466666666667720e+01
6.888533333333333530e+01
6.896733333333334315e+01
6.909266666666667334e+01
6.922400000000000375e+01
6.928733333333333633e+01
6.925333333333333030e+01
6.928499999999999659e+01
6.922133333333334804e+01
6.922666666666665947e+01
6.915933333333333621e+01
6.912266666666667447e+01
6.905799999999999272e+01
6.898666666666666458e+01
6.900357142857141923e+01
6.906199999999998340e+01
6.941333333333332689e+01
6.983266666666666822e+01
7.013333333333333997e+01
7.018266666666666254e+01
7.046066666666665412e+01
7.084600000000000364e+01
7.119866666666666788e+01
7.145133333333333781e+01
7.153571428571429180e+01
7.163333333333333997e+01
7.166866666666666674e+01
7.160733333333334372e+01
7.152133333333333098e+01
7.146933333333335270e+01
7.148266666666667390e+01
7.159200000000001296e+01
7.175600000000000023e+01
7.188266666666666538e+01
7.200133333333333496e+01
7.208533333333335236e+01
7.219333333333335645e+01
7.223642857142856144e+01
7.235666666666666913e+01
7.254533333333333189e+01
7.227733333333334542e+01
7.181333333333331836e+01
7.156466666666665333e+01
7.195799999999999841e+01
7.221666666666666856e+01
7.235799999999998988e+01
7.248133333333333894e+01
7.261266666666665515e+01
7.208999999999998920e+01
7.144866666666668209e+01
7.092466666666668118e+01
7.046333333333333826e+01
7.006133333333333724e+01
6.971133333333334292e+01
6.939333333333334508e+01
6.909333333333331950e+01
6.881133333333333724e+01
6.862000000000001876e+01
6.845533333333332848e+01
6.827200000000000557e+01
6.809066666666667800e+01
6.790800000000000125e+01
6.776399999999999579e+01
6.766714285714284927e+01
6.755133333333333212e+01
6.740133333333332644e+01
6.728599999999998715e+01
6.686466666666666470e+01
6.645866666666667300e+01
6.609799999999999898e+01
6.575733333333333519e+01
6.542285714285712572e+01
6.509466666666666868e+01
6.477733333333333121e+01
6.448199999999999932e+01
6.420066666666667743e+01
6.391466666666666896e+01
6.363066666666667004e+01
6.334733333333333150e+01
6.306533333333333502e+01
6.281533333333332791e+01
6.255533333333334411e+01
6.250928571428571701e+01
6.319866666666666788e+01
6.363999999999999346e+01
6.391799999999999926e+01
6.420333333333333314e+01
6.432000000000000739e+01
6.444466666666667720e+01
6.461933333333332996e+01
6.498999999999999488e+01
6.541533333333333644e+01
6.578866666666665708e+01
6.615999999999999659e+01
6.643866666666666276e+01
6.682066666666666777e+01
6.717600000000000193e+01
6.752266666666666595e+01
6.789799999999999613e+01
6.819666666666667254e+01
6.847733333333333405e+01
6.869466666666667720e+01
6.904466666666667152e+01
6.915200000000000102e+01
6.939399999999999125e+01
6.938733333333333064e+01
6.942857142857141639e+01
6.952733333333334542e+01
6.946571428571428442e+01
6.938399999999998613e+01
6.924133333333332985e+01
6.918199999999998795e+01
6.909066666666666379e+01
6.910866666666667868e+01
6.898866666666667413e+01
6.921733333333332894e+01
6.970466666666668232e+01
7.021866666666666390e+01
7.064066666666667516e+01
7.109533333333334326e+01
7.137466666666665560e+01
7.172399999999998954e+01
7.232266666666667732e+01
7.281466666666665333e+01
7.312466666666666981e+01
7.339866666666665651e+01
7.370733333333330961e+01
7.383733333333333348e+01
7.390733333333334087e+01
7.380533333333332280e+01
7.348199999999999932e+01
7.357500000000000284e+01
7.367000000000000171e+01
7.369266666666668186e+01
7.372533333333332450e+01
7.376799999999998647e+01
7.380933333333332769e+01
7.389000000000000057e+01
7.396133333333334292e+01
7.402599999999999625e+01
7.400399999999999068e+01
7.403466666666666640e+01
7.406533333333329949e+01
7.408333333333332860e+01
7.392266666666667163e+01
7.330866666666665310e+01
7.286866666666668380e+01
7.253923076923078384e+01
7.232333333333332348e+01
7.198799999999999955e+01
7.173666666666667879e+01
7.152933333333334076e+01
7.130266666666666708e+01
7.098999999999999488e+01
7.060933333333332484e+01
7.017666666666666231e+01
6.976533333333333076e+01
6.935933333333332484e+01
6.899933333333333962e+01
6.864400000000000546e+01
6.831066666666667686e+01
6.799733333333334429e+01
6.771466666666667322e+01
6.743533333333331825e+01
6.713599999999999568e+01
6.687214285714286177e+01
6.656666666666666288e+01
6.631133333333335145e+01
6.604000000000000625e+01
6.577400000000000091e+01
6.554571428571429692e+01
6.528399999999999181e+01
6.503600000000001558e+01
6.479642857142857792e+01
6.454733333333332723e+01
6.431400000000000716e+01
6.407642857142856485e+01
6.384199999999999164e+01
6.360466666666666669e+01
6.338466666666668203e+01
6.364933333333333110e+01
6.429599999999999227e+01
6.466692307692306940e+01
6.496533333333333360e+01
6.530599999999999739e+01
6.552800000000000580e+01
6.579733333333334144e+01
6.603333333333331723e+01
6.617999999999999261e+01
6.633866666666666845e+01
6.647200000000000841e+01
6.664000000000001478e+01
6.666214285714286802e+01
6.681000000000001648e+01
6.681933333333333280e+01
6.690000000000000568e+01
6.696333333333333826e+01
6.699599999999999511e+01
6.704266666666666197e+01
6.742066666666666208e+01
6.777799999999999159e+01
6.808466666666666356e+01
6.839600000000000080e+01
6.873266666666667390e+01
6.895533333333332848e+01
6.918533333333333246e+01
6.942666666666667652e+01
6.968066666666665299e+01
6.987066666666667913e+01
6.999333333333331097e+01
7.013066666666665583e+01
7.060466666666665958e+01
7.103733333333333633e+01
7.140266666666666140e+01
7.192400000000000659e+01
7.226466666666665617e+01
7.230133333333333212e+01
7.240133333333334065e+01
7.266400000000000148e+01
7.287533333333333019e+01
7.297733333333333405e+01
7.318666666666665321e+01
7.326533333333333076e+01
7.317933333333333223e+01
7.313600000000000989e+01
7.337866666666667470e+01
7.363599999999998147e+01
7.378799999999999670e+01
7.386733333333334883e+01
7.392333333333333201e+01
7.387733333333332553e+01
7.378666666666666174e+01
7.344142857142857395e+01
7.288714285714287655e+01
7.249466666666667436e+01
7.218142857142856883e+01
7.182533333333331882e+01
7.157533333333331882e+01
7.139666666666667538e+01
7.125800000000000978e+01
7.110599999999999454e+01
7.072733333333333405e+01
7.025866666666667015e+01
6.973799999999999955e+01
6.925799999999999557e+01
6.882533333333331882e+01
6.845466666666668232e+01
6.804999999999999716e+01
6.769266666666666765e+01
6.743133333333332757e+01
6.733533333333332394e+01
6.717666666666667652e+01
6.704066666666666663e+01
6.688933333333335440e+01
6.674933333333335383e+01
6.655666666666667197e+01
6.632533333333331882e+01
6.606600000000000250e+01
6.579333333333333655e+01
6.538799999999999102e+01
6.500933333333333053e+01
6.464000000000000057e+01
6.428399999999997760e+01
6.396000000000000796e+01
6.364266666666665628e+01
6.332266666666667021e+01
6.303733333333333633e+01
6.276399999999999579e+01
6.248533333333333672e+01
6.222266666666667589e+01
6.197000000000000597e+01
6.172133333333333383e+01
6.178200000000001069e+01
6.241733333333333889e+01
6.276200000000000756e+01
6.298199999999999221e+01
6.300999999999999801e+01
6.315733333333332666e+01
6.341333333333332689e+01
6.406533333333332791e+01
6.437866666666667470e+01
6.480199999999999250e+01
6.514466666666665162e+01
6.552933333333332655e+01
6.592000000000000171e+01
6.624066666666665526e+01
6.660200000000000387e+01
6.684266666666665913e+01
6.723333333333332007e+01
6.755733333333333235e+01
6.788133333333333042e+01
6.813866666666666561e+01
6.842000000000000171e+01
6.870533333333332848e+01
6.881999999999997897e+01
6.904714285714287314e+01
6.916400000000001569e+01
6.926866666666664685e+01
6.936933333333332996e+01
6.950133333333333496e+01
6.952199999999999136e+01
6.946466666666668743e+01
6.935866666666666447e+01
6.939466666666665162e+01
6.968666666666666742e+01
7.020800000000001262e+01
7.066200000000000614e+01
7.077533333333333587e+01
7.106866666666665822e+01
7.139599999999998658e+01
7.158200000000000784e+01
7.180933333333332769e+01
7.176466666666667038e+01
7.184333333333333371e+01
7.211266666666668357e+01
7.228133333333333610e+01
7.242800000000002569e+01
7.250399999999997647e+01
7.259200000000001296e+01
7.264066666666666094e+01
7.266000000000001080e+01
7.261066666666665981e+01
7.251466666666667038e+01
7.241133333333333155e+01
7.259066666666667800e+01
7.287733333333333974e+01
7.309133333333332416e+01
7.326642857142857679e+01
7.351066666666665128e+01
7.324800000000000466e+01
7.326285714285712913e+01
7.371533333333331939e+01
7.393533333333333246e+01
7.409999999999999432e+01
7.418733333333332780e+01
7.426333333333332121e+01
7.395733333333333803e+01
7.327866666666666617e+01
7.263466666666666072e+01
7.201866666666666106e+01
7.142000000000001592e+01
7.085333333333332462e+01
7.032200000000001694e+01
6.981714285714285495e+01
6.935466666666665958e+01
6.890599999999999170e+01
6.849642857142858077e+01
6.806400000000000716e+01
6.769866666666666788e+01
6.733666666666665890e+01
6.701133333333332587e+01
6.669866666666665367e+01
6.639933333333334531e+01
6.610533333333334838e+01
6.581266666666667220e+01
6.552266666666665174e+01
6.525600000000000023e+01
6.496599999999999397e+01
6.471000000000000796e+01
6.444800000000000750e+01
6.418333333333333712e+01
6.395333333333333314e+01
6.371333333333333115e+01
6.346066666666667544e+01
6.323066666666666436e+01
6.300866666666666305e+01
6.276866666666667527e+01
6.254933333333333678e+01
6.233642857142856286e+01
6.266200000000000614e+01
6.361133333333332729e+01
6.428214285714285836e+01
6.485733333333332951e+01
6.523733333333332496e+01
6.570266666666665856e+01
6.615000000000000568e+01
6.661066666666667402e+01
6.699533333333333474e+01
6.737266666666666026e+01
6.770666666666666345e+01
6.806333333333331836e+01
6.842400000000000659e+01
6.876666666666665151e+01
6.899933333333335383e+01
6.926533333333333076e+01
6.938466666666666072e+01
6.962799999999998590e+01
6.976199999999998624e+01
6.983333333333331439e+01
6.981400000000000716e+01
6.978799999999999670e+01
6.976733333333331188e+01
6.976000000000000512e+01
6.972466666666667834e+01
6.974600000000000932e+01
6.977999999999998693e+01
6.981866666666664401e+01
6.985933333333333906e+01
6.986599999999999966e+01
7.008733333333333348e+01
7.029599999999999227e+01
7.076333333333333542e+01
7.104266666666666197e+01
7.110666666666665492e+01
7.111400000000000432e+01
7.120666666666667766e+01
7.153999999999999204e+01
7.202533333333333587e+01
7.243066666666666720e+01
7.272666666666665947e+01
7.263933333333334019e+01
7.228333333333334565e+01
7.212800000000000011e+01
7.206571428571427873e+01
7.217400000000000659e+01
7.257666666666666799e+01
7.287928571428572866e+01
7.307571428571428385e+01
7.269200000000000728e+01
7.215285714285714391e+01
7.195642857142856030e+01
7.184533333333332905e+01
7.171357142857142719e+01
7.161357142857141866e+01
7.154285714285713027e+01
7.142785714285712118e+01
7.136714285714286632e+01
7.122466666666667834e+01
7.102785714285714391e+01
7.085933333333333906e+01
7.074866666666666504e+01
7.075600000000001444e+01
7.045785714285715073e+01
7.006199999999999761e+01
6.966999999999998749e+01
6.928266666666668527e+01
6.891666666666667140e+01
6.854866666666666219e+01
6.820071428571428385e+01
6.783571428571428896e+01
6.751428571428570535e+01
6.716533333333333644e+01
6.683599999999999852e+01
6.652333333333334053e+01
6.621066666666666833e+01
6.590642857142856315e+01
6.561533333333333928e+01
6.530733333333333235e+01
6.502642857142856769e+01
6.474866666666666504e+01
6.446142857142858418e+01
6.417928571428571161e+01
6.387400000000000944e+01
6.358133333333332615e+01
6.331733333333333036e+01
6.304799999999999471e+01
6.275866666666665594e+01
6.251000000000000512e+01
6.224000000000000199e+01
6.199133333333332274e+01
6.173333333333332007e+01
6.149266666666665770e+01
6.125785714285714079e+01
6.100866666666665594e+01
6.075400000000000489e+01
6.050000000000000711e+01
6.025800000000000267e+01
6.032285714285713141e+01
6.101733333333333320e+01
6.146928571428571075e+01
6.173799999999999244e+01
6.196666666666666856e+01
6.211666666666666003e+01
6.216133333333333866e+01
6.227357142857142236e+01
6.228928571428572525e+01
6.258400000000001029e+01
6.254333333333333655e+01
6.274866666666665793e+01
6.266733333333333178e+01
6.283799999999998676e+01
6.285600000000000165e+01
6.297999999999999687e+01
6.295733333333333093e+01
6.304133333333333411e+01
6.304266666666668328e+01
6.311533333333333928e+01
6.324333333333333229e+01
6.330133333333332502e+01
6.335533333333332706e+01
6.325066666666668169e+01
6.332533333333334014e+01
6.331500000000000483e+01
6.338666666666666316e+01
6.338533333333332820e+01
6.345133333333332359e+01
6.343933333333334446e+01
6.345933333333333337e+01
6.344800000000000040e+01
6.343533333333332536e+01
6.333666666666668021e+01
6.315466666666666384e+01
6.339266666666664918e+01
6.352266666666665884e+01
6.381733333333332325e+01
6.386133333333335571e+01
6.391333333333331979e+01
6.402400000000001512e+01
6.403799999999999670e+01
6.427333333333332632e+01
6.421333333333333826e+01
6.443133333333335599e+01
6.440666666666666629e+01
6.469066666666667231e+01
6.465600000000000591e+01
6.458466666666664935e+01
6.457399999999998386e+01
6.458199999999999363e+01
6.466000000000001080e+01
6.457066666666666777e+01
6.464928571428572468e+01
6.469333333333332803e+01
6.470666666666666345e+01
6.464666666666667538e+01
6.459000000000000341e+01
6.403799999999999670e+01
6.346266666666667078e+01
6.302200000000001268e+01
6.262800000000000722e+01
6.229533333333333900e+01
6.202333333333333343e+01
6.178466666666668061e+01
6.156800000000000495e+01
6.131499999999999773e+01
6.113933333333333309e+01
6.098642857142856855e+01
6.080666666666665776e+01
6.066533333333333644e+01
