6.835800000000000409e+01
6.834266666666667334e+01
6.846714285714286063e+01
6.851000000000000512e+01
6.806800000000001205e+01
6.745999999999999375e+01
6.679333333333333655e+01
6.619933333333332826e+01
6.592933333333333223e+01
6.562133333333332530e+01
6.535333333333332462e+01
6.510200000000000387e+01
6.486785714285714732e+01
6.464642857142857224e+01
6.452733333333334542e+01
6.437071428571427134e+01
6.416357142857143003e+01
6.396399999999999153e+01
6.374533333333333474e+01
6.353733333333332212e+01
6.336466666666667180e+01
6.319266666666666055e+01
6.302666666666666373e+01
6.287200000000000699e+01
6.269466666666666299e+01
6.252133333333334519e+01
6.235133333333331507e+01
6.220933333333333337e+01
6.203799999999999670e+01
6.192466666666665986e+01
6.181333333333332547e+01
6.170933333333332627e+01
6.157133333333332814e+01
6.146266666666667078e+01
6.133599999999998431e+01
6.121933333333333849e+01
6.114666666666666828e+01
6.106199999999999761e+01
6.100666666666666771e+01
6.091866666666666674e+01
6.083266666666666822e+01
6.076399999999999579e+01
6.075999999999999801e+01
6.071200000000001040e+01
6.066466666666664764e+01
6.066533333333332223e+01
6.063666666666666316e+01
6.062066666666666492e+01
6.058800000000000807e+01
6.060800000000001120e+01
6.061866666666666248e+01
6.064000000000000767e+01
6.095181818181818301e+01
6.100199999999999534e+01
6.107333333333333769e+01
6.126866666666665395e+01
6.157000000000000028e+01
6.193600000000001415e+01
6.234266666666667334e+01
6.276866666666666816e+01
6.366466666666667606e+01
6.451866666666666106e+01
6.534333333333333371e+01
6.624266666666667902e+01
6.726066666666666549e+01
6.740200000000000102e+01
6.758866666666666845e+01
6.785266666666667845e+01
6.798066666666665014e+01
6.773933333333333451e+01
6.828666666666667595e+01
6.894800000000000750e+01
6.935866666666667868e+01
6.992733333333333690e+01
7.027599999999999625e+01
7.028666666666664753e+01
7.028333333333331723e+01
7.026466666666667038e+01
7.021600000000002240e+01
7.014199999999999591e+01
7.002933333333332655e+01
6.998533333333334383e+01
6.992600000000000193e+01
6.983866666666666845e+01
6.980466666666664821e+01
6.995866666666665878e+01
7.037000000000001876e+01
7.036428571428571388e+01
7.042199999999999704e+01
7.114066666666666094e+01
7.150733333333330677e+01
7.167133333333332246e+01
7.198533333333332962e+01
7.166266666666666652e+01
7.200866666666665594e+01
7.211533333333333928e+01
7.213333333333333997e+01
7.212266666666666026e+01
7.222533333333333871e+01
7.224000000000000909e+01
7.206666666666666288e+01
7.175933333333333053e+01
7.137199999999999989e+01
7.088266666666667959e+01
7.041466666666666185e+01
6.996399999999998442e+01
6.951333333333333542e+01
6.908533333333330972e+01
6.871733333333332894e+01
6.837000000000001876e+01
6.805866666666666731e+01
6.772600000000001330e+01
6.747266666666668300e+01
6.723066666666666436e+01
6.703866666666665708e+01
6.683133333333333326e+01
6.660933333333333906e+01
6.653733333333333633e+01
6.677266666666668016e+01
6.699466666666666015e+01
6.723214285714284699e+01
6.751399999999998158e+01
6.779533333333331768e+01
6.805800000000000693e+01
6.828999999999999204e+01
6.820066666666666322e+01
6.804733333333334144e+01
6.785266666666666424e+01
6.762266666666666026e+01
6.742066666666667629e+01
6.724866666666665083e+01
6.717866666666665765e+01
6.740733333333332666e+01
6.759466666666666868e+01
6.780533333333333701e+01
6.801866666666666106e+01
6.822799999999999443e+01
6.844333333333334224e+01
6.848199999999999932e+01
6.831333333333333258e+01
6.815133333333332644e+01
6.796866666666667811e+01
6.775733333333334940e+01
6.755666666666665776e+01
6.738466666666666072e+01
6.727999999999998693e+01
6.750000000000000000e+01
6.766499999999999204e+01
6.794466666666666299e+01
6.824599999999999511e+01
6.853066666666668993e+01
6.861357142857143288e+01
6.866466666666666185e+01
6.878133333333333610e+01
6.891599999999999682e+01
6.903199999999999648e+01
6.940066666666666606e+01
6.992933333333333223e+01
7.044400000000000261e+01
7.092333333333334622e+01
7.139066666666666094e+01
7.227066666666665640e+01
7.306400000000000716e+01
7.356466666666665333e+01
7.369933333333334247e+01
7.378800000000001091e+01
7.403066666666667572e+01
7.427600000000001046e+01
7.452266666666666595e+01
7.495800000000001262e+01
7.533533333333333815e+01
7.557066666666668198e+01
7.574199999999997601e+01
7.588400000000000034e+01
7.598999999999999488e+01
7.609733333333333860e+01
7.612066666666667913e+01
7.613333333333335418e+01
7.618133333333334178e+01
7.631799999999999784e+01
7.641599999999999682e+01
7.652533333333330745e+01
7.653400000000000603e+01
7.677066666666665640e+01
7.658133333333333326e+01
7.600600000000001444e+01
7.594466666666667720e+01
7.587200000000001410e+01
7.523133333333335315e+01
7.455466666666667663e+01
7.387333333333332064e+01
7.364866666666667072e+01
7.344399999999998840e+01
7.315133333333332644e+01
7.281466666666666754e+01
7.252571428571430090e+01
7.230133333333333212e+01
7.207933333333332371e+01
7.176133333333332587e+01
7.142199999999999704e+01
7.106533333333332791e+01
7.072866666666666902e+01
7.040428571428572013e+01
7.006133333333333724e+01
6.970333333333333314e+01
6.935999999999999943e+01
6.901333333333333542e+01
6.870199999999999818e+01
6.840133333333332644e+01
6.814333333333334508e+01
6.788733333333333064e+01
6.763000000000000966e+01
6.737266666666667447e+01
6.712933333333333508e+01
6.688133333333331620e+01
6.663533333333332109e+01
6.640533333333334554e+01
6.617333333333334622e+01
6.592399999999999238e+01
6.572200000000000841e+01
6.551266666666667504e+01
6.527600000000001046e+01
6.504133333333334122e+01
6.485266666666667845e+01
6.465600000000000591e+01
6.447400000000000375e+01
6.431600000000000250e+01
6.409733333333333860e+01
6.391600000000000392e+01
6.372666666666666657e+01
6.351266666666666794e+01
6.332499999999999574e+01
6.313133333333333752e+01
6.289999999999999858e+01
6.269000000000000483e+01
6.249533333333333474e+01
6.228799999999999670e+01
6.209666666666667112e+01
6.196333333333333115e+01
6.182533333333334014e+01
6.173266666666666680e+01
6.171333333333333826e+01
6.256444444444444741e+01
6.273666666666665748e+01
6.295533333333332848e+01
6.362333333333333485e+01
6.434933333333331973e+01
6.541133333333333155e+01
6.619533333333333758e+01
6.564266666666665628e+01
6.599533333333333474e+01
6.639200000000001012e+01
6.612333333333332064e+01
6.594799999999999329e+01
6.582642857142856485e+01
6.575666666666666060e+01
6.569200000000002149e+01
6.603933333333333167e+01
6.723266666666667390e+01
6.840333333333333599e+01
6.949199999999999022e+01
7.047066666666665924e+01
7.122333333333332916e+01
7.156199999999999761e+01
7.167466666666665276e+01
7.169666666666665833e+01
7.167733333333332268e+01
7.166333333333334110e+01
7.167266666666665742e+01
7.165133333333332644e+01
7.167142857142856371e+01
7.222466666666666413e+01
7.316333333333334110e+01
7.374866666666667925e+01
7.323866666666665992e+01
7.397066666666665924e+01
7.514933333333333110e+01
7.555599999999999739e+01
7.506466666666666754e+01
7.462066666666666492e+01
7.411933333333332996e+01
7.364666666666668959e+01
7.318933333333332314e+01
7.264066666666666094e+01
7.278266666666668527e+01
7.397266666666665458e+01
7.435466666666667379e+01
7.383533333333335236e+01
7.367199999999998283e+01
7.340800000000000125e+01
7.306333333333333258e+01
7.270533333333332848e+01
7.237666666666669357e+01
7.175466666666666526e+01
7.104933333333333678e+01
7.035866666666666447e+01
6.967133333333330825e+01
6.897466666666667834e+01
6.833133333333333326e+01
6.770071428571428385e+01
6.713199999999999079e+01
6.676533333333334497e+01
6.657400000000001228e+01
6.635266666666666424e+01
6.620066666666666322e+01
6.602933333333334076e+01
6.588466666666664651e+01
6.577799999999999159e+01
6.571533333333333360e+01
6.565200000000000102e+01
6.558866666666664003e+01
6.549133333333334406e+01
6.540466666666665674e+01
6.535599999999998033e+01
6.530533333333332280e+01
6.521466666666667322e+01
6.514333333333333087e+01
6.512533333333333019e+01
6.509333333333333371e+01
6.503533333333331257e+01
6.499866666666666504e+01
6.497600000000001330e+01
6.490599999999999170e+01
6.486200000000000898e+01
6.475600000000001444e+01
6.469333333333334224e+01
6.463066666666667004e+01
6.450466666666667948e+01
6.442199999999998283e+01
6.442933333333333223e+01
6.438500000000000512e+01
6.437533333333333019e+01
6.452200000000000557e+01
6.475600000000001444e+01
6.499399999999999977e+01
6.529599999999999227e+01
6.563333333333333997e+01
6.592066666666666208e+01
6.617799999999999727e+01
6.634933333333333394e+01
6.644266666666666765e+01
6.657066666666668198e+01
6.666133333333335997e+01
6.680933333333332769e+01
6.700333333333334451e+01
6.704533333333333189e+01
6.687333333333333485e+01
6.680357142857141639e+01
6.673200000000001353e+01
6.663800000000000523e+01
6.651999999999999602e+01
6.642666666666666231e+01
6.630866666666665310e+01
6.624666666666666970e+01
6.627714285714286291e+01
6.657599999999999341e+01
6.686066666666665981e+01
6.728466666666666640e+01
6.772666666666665947e+01
6.779533333333331768e+01
6.792533333333334156e+01
6.811142857142856144e+01
6.804799999999998761e+01
6.807333333333332348e+01
6.811266666666666936e+01
6.796666666666665435e+01
6.787266666666668868e+01
6.808400000000001739e+01
6.832533333333331882e+01
6.888466666666666072e+01
6.905266666666666708e+01
6.867800000000001148e+01
6.844066666666667231e+01
6.816200000000000614e+01
6.791133333333333155e+01
6.773266666666667390e+01
6.761733333333332041e+01
6.760133333333331507e+01
6.856600000000000250e+01
6.943866666666666276e+01
7.024800000000000466e+01
7.107733333333332837e+01
7.151066666666666549e+01
7.173214285714286120e+01
7.151533333333331655e+01
7.109733333333332439e+01
7.063200000000001921e+01
7.011666666666666003e+01
6.971066666666665412e+01
6.939266666666665628e+01
6.895933333333331916e+01
6.856466666666666754e+01
6.816466666666666185e+01
6.765599999999999170e+01
6.718000000000000682e+01
6.675266666666668414e+01
6.634800000000001319e+01
6.600200000000000955e+01
6.569333333333332803e+01
6.537266666666666026e+01
6.524533333333333474e+01
6.528266666666665685e+01
6.530533333333330859e+01
6.536733333333333462e+01
6.541333333333334110e+01
6.545666666666667766e+01
6.548799999999999955e+01
6.549857142857142378e+01
6.550142857142857622e+01
6.548866666666667413e+01
6.544533333333333758e+01
6.544666666666668675e+01
6.543800000000003081e+01
6.545133333333333781e+01
6.545200000000001239e+01
6.540533333333333132e+01
6.538066666666667004e+01
6.529999999999998295e+01
6.522533333333333871e+01
6.518199999999998795e+01
6.513200000000000500e+01
6.512133333333333951e+01
6.510133333333334349e+01
6.507533333333333303e+01
6.504199999999998738e+01
6.524266666666666481e+01
6.521142857142856997e+01
6.520142857142857906e+01
6.522266666666668300e+01
6.529133333333331279e+01
6.540866666666666163e+01
6.551599999999999113e+01
6.563066666666667004e+01
6.583333333333334281e+01
6.609866666666668777e+01
6.638466666666666072e+01
6.668066666666666720e+01
6.699399999999998556e+01
6.725666666666666060e+01
6.721133333333334292e+01
6.706199999999998340e+01
6.693599999999999284e+01
6.686133333333334861e+01
6.675866666666667015e+01
6.667933333333331802e+01
6.662399999999999523e+01
6.664266666666667049e+01
6.666466666666667606e+01
6.662400000000000944e+01
6.660600000000000875e+01
6.683666666666665890e+01
6.718666666666666742e+01
6.756999999999999318e+01
6.792733333333333690e+01
6.822666666666667368e+01
6.820400000000000773e+01
6.830533333333333701e+01
6.865733333333332666e+01
6.924199999999999022e+01
6.980599999999999739e+01
7.028800000000001091e+01
6.990933333333333621e+01
6.946066666666665412e+01
6.940266666666664719e+01
7.004999999999999716e+01
7.073133333333333894e+01
7.134466666666665446e+01
7.170933333333331916e+01
7.195933333333331916e+01
7.218266666666666254e+01
7.237333333333332064e+01
7.094933333333332826e+01
7.093800000000001660e+01
7.067733333333332268e+01
7.039866666666667072e+01
7.016266666666665230e+01
7.000600000000001444e+01
6.970466666666666811e+01
6.929533333333331768e+01
6.887714285714287143e+01
6.836066666666667402e+01
6.778333333333333144e+01
6.721800000000000352e+01
6.665000000000001990e+01
6.614933333333333110e+01
6.591599999999999682e+01
6.583666666666665890e+01
6.579199999999998738e+01
6.578466666666665219e+01
6.577928571428570592e+01
6.572133333333334804e+01
6.572800000000000864e+01
6.570200000000001239e+01
6.570600000000001728e+01
6.569400000000001683e+01
6.572000000000001307e+01
6.574533333333333474e+01
6.576733333333332610e+01
6.572333333333334338e+01
6.571333333333335247e+01
6.570133333333335202e+01
6.569400000000001683e+01
6.568000000000000682e+01
6.565599999999999170e+01
6.562199999999999989e+01
6.558333333333332860e+01
6.555599999999998317e+01
6.552666666666665662e+01
6.550866666666667015e+01
6.550600000000000023e+01
6.555199999999999250e+01
6.559866666666667356e+01
6.560800000000000409e+01
6.561333333333332973e+01
6.559466666666666868e+01
6.556866666666665822e+01
6.555066666666665753e+01
6.556333333333333258e+01
6.558999999999998920e+01
6.553733333333330791e+01
6.555799999999997851e+01
6.551999999999999602e+01
6.554133333333331279e+01
6.553285714285712515e+01
6.558466666666667777e+01
6.563666666666667027e+01
6.565000000000000568e+01
6.560933333333333906e+01
6.573066666666665014e+01
6.590000000000001990e+01
6.575466666666667948e+01
6.556533333333331370e+01
6.557799999999998875e+01
6.562800000000000011e+01
6.583599999999999852e+01
6.594866666666666788e+01
6.586533333333333928e+01
6.667400000000000659e+01
6.732066666666666777e+01
6.779133333333332700e+01
6.835733333333334372e+01
6.895200000000001239e+01
6.920466666666666811e+01
7.014600000000000080e+01
7.041800000000002058e+01
7.059666666666664980e+01
7.078800000000001091e+01
7.082666666666666799e+01
7.078066666666667572e+01
7.073999999999999488e+01
7.074533333333333474e+01
7.072000000000001307e+01
7.063599999999999568e+01
7.053933333333333167e+01
7.044071428571430715e+01
7.034733333333333860e+01
7.035200000000000387e+01
7.033200000000000784e+01
7.030466666666666242e+01
7.066214285714286802e+01
7.142133333333330825e+01
7.133733333333333348e+01
7.092333333333333201e+01
7.105799999999999272e+01
7.119214285714285495e+01
7.133466666666666356e+01
7.170333333333333314e+01
7.195199999999999818e+01
7.207999999999999829e+01
7.218428571428572127e+01
7.223866666666665992e+01
7.234142857142857963e+01
7.236799999999999500e+01
7.202866666666665196e+01
7.168266666666666254e+01
7.118800000000001660e+01
7.063571428571430033e+01
7.014733333333334997e+01
6.961933333333334417e+01
6.910399999999999920e+01
6.862800000000000011e+01
6.838000000000002387e+01
6.832533333333330461e+01
6.825733333333333519e+01
6.818933333333332314e+01
6.812533333333333019e+01
6.807333333333332348e+01
6.802999999999998693e+01
6.802533333333332166e+01
6.799200000000000443e+01
6.794466666666667720e+01
6.789199999999999591e+01
6.780866666666665310e+01
6.775866666666667015e+01
6.767714285714286859e+01
6.765333333333333599e+01
6.761266666666668357e+01
6.760399999999999920e+01
6.760000000000000853e+01
6.755266666666665287e+01
6.753933333333333167e+01
6.745866666666667300e+01
6.742599999999998772e+01
6.737933333333333508e+01
6.733999999999998920e+01
6.734066666666666379e+01
6.732666666666665378e+01
6.726933333333333564e+01
6.719733333333331871e+01
6.713133333333334463e+01
6.703600000000000136e+01
6.696266666666667788e+01
6.688000000000000966e+01
6.683866666666668266e+01
6.679399999999999693e+01
6.675066666666667459e+01
6.664800000000001035e+01
6.651800000000000068e+01
6.644733333333333292e+01
6.646133333333335713e+01
6.651199999999998624e+01
6.662600000000000477e+01
6.682071428571428839e+01
6.709000000000000341e+01
6.738933333333334019e+01
6.768666666666666742e+01
6.795266666666665856e+01
6.795000000000000284e+01
6.780466666666664821e+01
6.795799999999999841e+01
6.845333333333333314e+01
6.871200000000000330e+01
6.885733333333332951e+01
6.899733333333331586e+01
6.933133333333333326e+01
6.945199999999999818e+01
6.908866666666666845e+01
6.882714285714286007e+01
6.855933333333334190e+01
6.830066666666668596e+01
6.831333333333333258e+01
6.934933333333333394e+01
7.028846153846153300e+01
7.118071428571428783e+01
7.193866666666666276e+01
7.244333333333334224e+01
7.251266666666667504e+01
7.250066666666666038e+01
7.245200000000001239e+01
7.239733333333333576e+01
7.227266666666668016e+01
7.209199999999999875e+01
7.187733333333332553e+01
7.169400000000000261e+01
7.155599999999999739e+01
7.163599999999999568e+01
7.233400000000001739e+01
7.317399999999999238e+01
7.347133333333333383e+01
7.365933333333333621e+01
7.365866666666667584e+01
7.407999999999999829e+01
7.412466666666666981e+01
7.451466666666667038e+01
7.524200000000000443e+01
7.467866666666667186e+01
7.425866666666665594e+01
7.384866666666667356e+01
7.322933333333334360e+01
7.253200000000001069e+01
7.168000000000000682e+01
7.073466666666668345e+01
6.982199999999998852e+01
6.889333333333334508e+01
6.816733333333334599e+01
6.761599999999999966e+01
6.709866666666667356e+01
6.660066666666665469e+01
6.615933333333333621e+01
6.566785714285714448e+01
6.522133333333333383e+01
6.480799999999999272e+01
6.443133333333334178e+01
6.404928571428570194e+01
6.367933333333333934e+01
6.331399999999999295e+01
6.297466666666667123e+01
6.269933333333333536e+01
6.238599999999999568e+01
6.210066666666666890e+01
6.180533333333332990e+01
6.154266666666666907e+01
6.122933333333332939e+01
6.094933333333332826e+01
6.071733333333332183e+01
6.052533333333333587e+01
6.027785714285714391e+01
6.000466666666667237e+01
5.975642857142855746e+01
5.953399999999999181e+01
5.927599999999999625e+01
5.905466666666666242e+01
5.883733333333332638e+01
5.863199999999999790e+01
5.838733333333333064e+01
5.817066666666666208e+01
5.798133333333331763e+01
5.779933333333333678e+01
5.760933333333332484e+01
5.743733333333332780e+01
5.724933333333333252e+01
5.704133333333333411e+01
5.690200000000000102e+01
5.702466666666667550e+01
5.696333333333333826e+01
5.704399999999999693e+01
5.714533333333331200e+01
5.730066666666667174e+01
5.748333333333332718e+01
5.773800000000000665e+01
5.812866666666666049e+01
5.844133333333333269e+01
5.863999999999999346e+01
5.851600000000001245e+01
5.843399999999999750e+01
5.867733333333332979e+01
5.916066666666667118e+01
6.035333333333333172e+01
6.175399999999999068e+01
6.315133333333332644e+01
6.476933333333333564e+01
6.648199999999999932e+01
6.830066666666667174e+01
6.998000000000000398e+01
6.988733333333333064e+01
6.847266666666668300e+01
6.737333333333332064e+01
6.648133333333333894e+01
6.683133333333333326e+01
6.727428571428571047e+01
6.753933333333334588e+01
6.770399999999999352e+01
6.787933333333334929e+01
6.804600000000000648e+01
6.816666666666668561e+01
6.831733333333333746e+01
6.843200000000001637e+01
6.852466666666667550e+01
6.860399999999999920e+01
6.865357142857142492e+01
6.874533333333333474e+01
6.913133333333331620e+01
6.928400000000000603e+01
6.916199999999999193e+01
6.903333333333333144e+01
6.886714285714285211e+01
6.862200000000001410e+01
6.878800000000001091e+01
6.956866666666665822e+01
7.020533333333332848e+01
7.021333333333332405e+01
7.038666666666667027e+01
7.086466666666666470e+01
7.085333333333333883e+01
7.046214285714286518e+01
6.987733333333333974e+01
6.908733333333333348e+01
6.826533333333333076e+01
6.764933333333334531e+01
6.713400000000000034e+01
6.665666666666666629e+01
6.620666666666667766e+01
6.568999999999999773e+01
6.519866666666666788e+01
6.474533333333333474e+01
6.434266666666665913e+01
6.395866666666667300e+01
6.356733333333333036e+01
6.314800000000000324e+01
6.274333333333333229e+01
6.237866666666666760e+01
6.202933333333332655e+01
6.173599999999999710e+01
6.144400000000000261e+01
6.114466666666666583e+01
6.084933333333333394e+01
6.058133333333333326e+01
6.030533333333334411e+01
6.009799999999999898e+01
5.989800000000001035e+01
5.967133333333333667e+01
5.950333333333333741e+01
5.928466666666665930e+01
5.909066666666664958e+01
5.894266666666666055e+01
5.878666666666666174e+01
5.857866666666666333e+01
5.840200000000000102e+01
5.821533333333333360e+01
5.799399999999999977e+01
5.778466666666666640e+01
5.760923076923077701e+01
5.746799999999998931e+01
5.731928571428569796e+01
5.712533333333333729e+01
5.695799999999999841e+01
5.679133333333334122e+01
5.664642857142857935e+01
5.655199999999999250e+01
5.668733333333332780e+01
5.661666666666666714e+01
5.666933333333334133e+01
5.674266666666665770e+01
5.689533333333333331e+01
5.713357142857142179e+01
5.739733333333333576e+01
5.770933333333333337e+01
5.804066666666665952e+01
5.815999999999998238e+01
5.825933333333333053e+01
5.865066666666667317e+01
5.929066666666666663e+01
6.020133333333333070e+01
6.131333333333333968e+01
6.203799999999999670e+01
6.273800000000001376e+01
6.370199999999999818e+01
6.517133333333332246e+01
6.591733333333331757e+01
6.619800000000000750e+01
6.684866666666667356e+01
6.780133333333333212e+01
6.868800000000000239e+01
6.941142857142857281e+01
6.997933333333334360e+01
7.048066666666665014e+01
7.083066666666667288e+01
7.118142857142856883e+01
7.121999999999999886e+01
7.105285714285713539e+01
7.084799999999999898e+01
7.060266666666665003e+01
7.037466666666665560e+01
7.012866666666666049e+01
6.995733333333332382e+01
7.010000000000000853e+01
7.028533333333332678e+01
7.082399999999999807e+01
7.071399999999999864e+01
7.005799999999999272e+01
6.997333333333332916e+01
7.112133333333332530e+01
7.135600000000000875e+01
7.035200000000000387e+01
6.952000000000001023e+01
6.921866666666666390e+01
7.036266666666666936e+01
7.101933333333334986e+01
6.998866666666667413e+01
7.016799999999997794e+01
7.095866666666667300e+01
7.137199999999999989e+01
7.156066666666666265e+01
7.148933333333334872e+01
7.132333333333333769e+01
7.090266666666666140e+01
7.031933333333333280e+01
6.967800000000001148e+01
6.900133333333333496e+01
6.833357142857141753e+01
6.768800000000000239e+01
6.709266666666665913e+01
6.649133333333332985e+01
6.594799999999999329e+01
6.539846153846154664e+01
6.492733333333333690e+01
6.449600000000000932e+01
6.408133333333333326e+01
6.366200000000000614e+01
6.331499999999999773e+01
6.295533333333332848e+01
6.261466666666665049e+01
6.228800000000000381e+01
6.195066666666666322e+01
6.161866666666666958e+01
6.132666666666667510e+01
6.109199999999999164e+01
6.087800000000000011e+01
6.066533333333333644e+01
6.047199999999998710e+01
6.029733333333333434e+01
6.015200000000001523e+01
5.997142857142857508e+01
5.985928571428571132e+01
5.974266666666667902e+01
5.961066666666667402e+01
5.944266666666665344e+01
5.931285714285713340e+01
5.916533333333333644e+01
5.903933333333332456e+01
5.896399999999999153e+01
5.889800000000000324e+01
5.879666666666665975e+01
5.869214285714285495e+01
5.859799999999999898e+01
5.857799999999998875e+01
5.853333333333332433e+01
5.860533333333332706e+01
5.878600000000001558e+01
5.902866666666666617e+01
5.934799999999999187e+01
5.964214285714285069e+01
5.999333333333332519e+01
6.036533333333333218e+01
6.063800000000001234e+01
6.084133333333332416e+01
6.106199999999999761e+01
6.123533333333332251e+01
6.140066666666667317e+01
6.158333333333332860e+01
6.176933333333332854e+01
6.199800000000001177e+01
6.223266666666667390e+01
6.245333333333333314e+01
6.268466666666666498e+01
6.296066666666667544e+01
6.320933333333333337e+01
6.343200000000000216e+01
6.367199999999999704e+01
6.388399999999998613e+01
6.408428571428571274e+01
6.424666666666665549e+01
6.440533333333334554e+01
6.462142857142858077e+01
6.488466666666664651e+01
6.516357142857143003e+01
6.523214285714286120e+01
6.525066666666666038e+01
6.573733333333332496e+01
6.618666666666665321e+01
6.687733333333333974e+01
6.812066666666666492e+01
6.914399999999999125e+01
7.019733333333333292e+01
7.100266666666666993e+01
7.161642857142855689e+01
7.099866666666666504e+01
7.055866666666666731e+01
7.012266666666666026e+01
6.973928571428571388e+01
6.931400000000000716e+01
6.886428571428571388e+01
6.840533333333334554e+01
6.820333333333333314e+01
6.800933333333333053e+01
6.756533333333332791e+01
6.730866666666665310e+01
6.808599999999999852e+01
6.855933333333334190e+01
6.889733333333333576e+01
6.922199999999997999e+01
6.942800000000002569e+01
6.944266666666666765e+01
6.934133333333332416e+01
6.912266666666666026e+01
6.885142857142855632e+01
6.857000000000000739e+01
6.829466666666667152e+01
6.804266666666666197e+01
6.780400000000000205e+01
6.757666666666666799e+01
6.736533333333333928e+01
6.718933333333332314e+01
6.704200000000000159e+01
6.690733333333334087e+01
6.680533333333332280e+01
6.671266666666667788e+01
6.660600000000000875e+01
6.652399999999998670e+01
6.645466666666668232e+01
6.638866666666666561e+01
6.632599999999999341e+01
6.626466666666665617e+01
6.616866666666666674e+01
6.608133333333331905e+01
6.602066666666665640e+01
6.595466666666666811e+01
6.591266666666665230e+01
6.587800000000000011e+01
6.582466666666665844e+01
6.578599999999998715e+01
6.576333333333333542e+01
6.571333333333335247e+01
6.568214285714286405e+01
6.565866666666666163e+01
6.560800000000000409e+01
6.554399999999999693e+01
6.553466666666665219e+01
6.554333333333330813e+01
6.556866666666665822e+01
6.556599999999997408e+01
6.557466666666667265e+01
6.561933333333334417e+01
6.561733333333333462e+01
6.565600000000000591e+01
6.570666666666667766e+01
6.576799999999998647e+01
6.585266666666666424e+01
6.596266666666666367e+01
6.604533333333333189e+01
6.615400000000001057e+01
6.626133333333332587e+01
6.639666666666667538e+01
6.656533333333334213e+01
6.673533333333332962e+01
6.686666666666666003e+01
6.701333333333333542e+01
6.717214285714285893e+01
6.733799999999999386e+01
6.749999999999998579e+01
6.772533333333333871e+01
6.793666666666666742e+01
6.816600000000001103e+01
6.838000000000000966e+01
6.861466666666666470e+01
6.889133333333333553e+01
6.919399999999998840e+01
6.947599999999998488e+01
6.973599999999997578e+01
6.998866666666665992e+01
7.022333333333332916e+01
7.042066666666667629e+01
7.059600000000000364e+01
7.075199999999998113e+01
7.086400000000000432e+01
7.096333333333333826e+01
7.099133333333334406e+01
7.099533333333333474e+01
7.097399999999998954e+01
7.096733333333332894e+01
7.091266666666666652e+01
7.087666666666667936e+01
7.077333333333332632e+01
7.062333333333334906e+01
7.049533333333334895e+01
7.034071428571428442e+01
7.021600000000003661e+01
7.009799999999998477e+01
6.996333333333333826e+01
6.981599999999998829e+01
6.968866666666666276e+01
6.951933333333333564e+01
6.938466666666666072e+01
6.925066666666667459e+01
6.913066666666667004e+01
6.900733333333333519e+01
6.888799999999999102e+01
6.872733333333331984e+01
6.860933333333333906e+01
6.851800000000000068e+01
6.846866666666667811e+01
6.841333333333332689e+01
6.836500000000000909e+01
6.827266666666668016e+01
6.817066666666666208e+01
6.809000000000000341e+01
6.798333333333334849e+01
6.791933333333332712e+01
6.787000000000001876e+01
6.783466666666667777e+01
6.777133333333333098e+01
6.772066666666667345e+01
6.765533333333331711e+01
6.760600000000000875e+01
6.755799999999997851e+01
6.750400000000000489e+01
6.743866666666666276e+01
6.740533333333331711e+01
6.733933333333332882e+01
6.726266666666668925e+01
6.716399999999998727e+01
6.710666666666668334e+01
6.706733333333332325e+01
6.705500000000002103e+01
6.707533333333331882e+01
6.704866666666666219e+01
6.702399999999998670e+01
6.696785714285714164e+01
6.692466666666665276e+01
6.692466666666665276e+01
6.690866666666664742e+01
6.691266666666666652e+01
6.688466666666666072e+01
6.685200000000000387e+01
6.681399999999999295e+01
6.683266666666666822e+01
6.686733333333332041e+01
6.698999999999999488e+01
6.708866666666666845e+01
6.730333333333332746e+01
6.757133333333332814e+01
6.786533333333333928e+01
6.823199999999999932e+01
6.863599999999999568e+01
6.913066666666667004e+01
6.970599999999998886e+01
6.997000000000001307e+01
7.002066666666664219e+01
7.036333333333331552e+01
7.085600000000000875e+01
7.102800000000000580e+01
7.142533333333332735e+01
7.181799999999999784e+01
7.225600000000000023e+01
7.277266666666668016e+01
7.327400000000001512e+01
7.367466666666668118e+01
7.406199999999998340e+01
7.444533333333333758e+01
7.447133333333334804e+01
7.456533333333332791e+01
7.470599999999998886e+01
7.482600000000000762e+01
7.496199999999998909e+01
7.514466666666665162e+01
7.521800000000000352e+01
7.548866666666665992e+01
7.562000000000001876e+01
7.567800000000001148e+01
7.569642857142856940e+01
7.570133333333335202e+01
7.564333333333334508e+01
7.559133333333332416e+01
7.547600000000002751e+01
7.537866666666666049e+01
7.502933333333334076e+01
7.418428571428570706e+01
7.389000000000000057e+01
7.347066666666665924e+01
7.371285714285714619e+01
7.403400000000000603e+01
7.425466666666665105e+01
7.392399999999999238e+01
7.340333333333335020e+01
7.282133333333334235e+01
7.232066666666666777e+01
7.222266666666669721e+01
7.218666666666666742e+01
7.201533333333333076e+01
7.174200000000000443e+01
7.143599999999999284e+01
7.107866666666667754e+01
7.073999999999999488e+01
7.039000000000000057e+01
7.002333333333332632e+01
6.965333333333332178e+01
6.932333333333332348e+01
6.898266666666667390e+01
6.861866666666666958e+01
6.828857142857143003e+01
6.796066666666666833e+01
6.761599999999999966e+01
6.725999999999999091e+01
6.693933333333332314e+01
6.667133333333335088e+01
6.638533333333333530e+01
6.611466666666665049e+01
6.585599999999999454e+01
6.557666666666666799e+01
6.530333333333332746e+01
6.505333333333332746e+01
6.479399999999999693e+01
6.459533333333334326e+01
6.440800000000000125e+01
6.418533333333333246e+01
6.400928571428572411e+01
6.385399999999999920e+01
6.367600000000000904e+01
6.354266666666666907e+01
6.339733333333333576e+01
6.330599999999999028e+01
6.318199999999999505e+01
6.306999999999998607e+01
6.296133333333332160e+01
6.288400000000000745e+01
6.278200000000000358e+01
6.270266666666665856e+01
6.265533333333333843e+01
6.259733333333333860e+01
6.251599999999999824e+01
6.243933333333333735e+01
6.234266666666667334e+01
6.238466666666666782e+01
6.237466666666668402e+01
6.230466666666664821e+01
6.230200000000000671e+01
6.236769230769230887e+01
6.243666666666668164e+01
6.261466666666667180e+01
6.274142857142857110e+01
6.285266666666666424e+01
6.315799999999999415e+01
6.341266666666667362e+01
6.367600000000000193e+01
6.415200000000000102e+01
6.484133333333332416e+01
6.552133333333331677e+01
6.618200000000000216e+01
6.688499999999999091e+01
6.781642857142858816e+01
6.912466666666666981e+01
7.020733333333332382e+01
7.110933333333332484e+01
7.202666666666668505e+01
7.282933333333333792e+01
7.374133333333334406e+01
7.456733333333333746e+01
7.498666666666666458e+01
7.533800000000000807e+01
7.573466666666664082e+01
7.597333333333332916e+01
7.613333333333333997e+01
7.623333333333333428e+01
7.634533333333332905e+01
7.641599999999999682e+01
7.651599999999999113e+01
7.659933333333333394e+01
7.665066666666666606e+01
7.660933333333333906e+01
7.653866666666665708e+01
7.646599999999999397e+01
7.648266666666664548e+01
7.655266666666668129e+01
7.609599999999998943e+01
7.557866666666664912e+01
7.514000000000000057e+01
7.517866666666667186e+01
7.523399999999999466e+01
7.529399999999999693e+01
7.531066666666667686e+01
7.534666666666667822e+01
7.529600000000000648e+01
7.510142857142857054e+01
7.484466666666666868e+01
7.462866666666667470e+01
7.445266666666665856e+01
7.418599999999999284e+01
7.381266666666667220e+01
7.339733333333333576e+01
7.298266666666668812e+01
7.257933333333333792e+01
7.215466666666665674e+01
7.171999999999998465e+01
7.128066666666667572e+01
7.088785714285714334e+01
7.046200000000000330e+01
7.005866666666666731e+01
6.961799999999999500e+01
6.917266666666667163e+01
6.873933333333333451e+01
6.834928571428572752e+01
6.796399999999998442e+01
6.757545454545453367e+01
6.719933333333332826e+01
6.681133333333333724e+01
6.647200000000000841e+01
6.612533333333333019e+01
6.582666666666666799e+01
6.554733333333334144e+01
6.528266666666668527e+01
6.501933333333332143e+01
6.474266666666666481e+01
6.447733333333333405e+01
6.423266666666667390e+01
6.398199999999999221e+01
6.378866666666667129e+01
6.364733333333334286e+01
6.345866666666666589e+01
6.325333333333333030e+01
6.306666666666666998e+01
6.288933333333334019e+01
6.270799999999999130e+01
6.255733333333332524e+01
6.239466666666667294e+01
6.219400000000000261e+01
6.196066666666666123e+01
6.172799999999999443e+01
6.153133333333334321e+01
6.140866666666666873e+01
6.129142857142856116e+01
6.132266666666668442e+01
6.142066666666667629e+01
6.162399999999999523e+01
6.179866666666667641e+01
6.197466666666665702e+01
6.218666666666666032e+01
6.238333333333333286e+01
6.259733333333333860e+01
6.279400000000000404e+01
6.294933333333333536e+01
6.306466666666667464e+01
6.361533333333333218e+01
6.405333333333334167e+01
6.483533333333333815e+01
6.582533333333334724e+01
6.652333333333334053e+01
6.619266666666666765e+01
6.606399999999999295e+01
6.598266666666667390e+01
6.595533333333334269e+01
6.593800000000001660e+01
6.588266666666667959e+01
6.580466666666664821e+01
6.578266666666667106e+01
6.618466666666667209e+01
6.684399999999999409e+01
6.746800000000000352e+01
6.805428571428571161e+01
6.849599999999999511e+01
6.884071428571428442e+01
6.947399999999998954e+01
6.999666666666666970e+01
7.037857142857144765e+01
7.062600000000000477e+01
7.084866666666665935e+01
7.102866666666665196e+01
7.125666666666666060e+01
7.175933333333334474e+01
7.281400000000000716e+01
7.297066666666667345e+01
7.298000000000000398e+01
7.337266666666666026e+01
7.374199999999999022e+01
7.400266666666668414e+01
7.420666666666667766e+01
7.421066666666666833e+01
7.403733333333333633e+01
7.402799999999999159e+01
7.396000000000000796e+01
7.362933333333333508e+01
7.326200000000000045e+01
7.284533333333334326e+01
7.232928571428571729e+01
7.178533333333332678e+01
7.124933333333333962e+01
7.074933333333333962e+01
7.025733333333333519e+01
6.975785714285713368e+01
6.928733333333335054e+01
6.880333333333332746e+01
6.836400000000001853e+01
6.797333333333334338e+01
6.761666666666666003e+01
6.728199999999999648e+01
6.696133333333332871e+01
6.665866666666666163e+01
6.636533333333333928e+01
6.613200000000000500e+01
6.583999999999998920e+01
6.562666666666666515e+01
6.541599999999999682e+01
6.518466666666667209e+01
6.498533333333334383e+01
6.479999999999999716e+01
6.460066666666666890e+01
6.440733333333332666e+01
6.420714285714284131e+01
6.409142857142856542e+01
6.393599999999999994e+01
6.372799999999999443e+01
6.353799999999999670e+01
6.333666666666666600e+01
6.314600000000000790e+01
6.295799999999999130e+01
6.275399999999999778e+01
6.258666666666665890e+01
6.248571428571428754e+01
6.232800000000000296e+01
6.221333333333333826e+01
6.205599999999999739e+01
6.191066666666666407e+01
6.178133333333332899e+01
6.164999999999999858e+01
6.154642857142856371e+01
6.146133333333334292e+01
6.143133333333331336e+01
6.134666666666667112e+01
6.127466666666666129e+01
6.120500000000000540e+01
6.116266666666665941e+01
6.114799999999998903e+01
6.115599999999999170e+01
6.122133333333332672e+01
6.137533333333333019e+01
6.147333333333333627e+01
6.153933333333333877e+01
6.182733333333332837e+01
6.243533333333333957e+01
6.306799999999999784e+01
6.375000000000000000e+01
6.436400000000000432e+01
6.495733333333333803e+01
6.578866666666667129e+01
6.677466666666666129e+01
6.799333333333332519e+01
6.910066666666666890e+01
7.010066666666666890e+01
7.078866666666665708e+01
7.130333333333331325e+01
7.171133333333332871e+01
7.199799999999999045e+01
7.210800000000000409e+01
7.218400000000001171e+01
7.214600000000000080e+01
7.212666666666665094e+01
7.217800000000002569e+01
7.241866666666668095e+01
7.251199999999998624e+01
7.251733333333331188e+01
7.249666666666666970e+01
7.249999999999998579e+01
7.248466666666668345e+01
7.241066666666667118e+01
7.269533333333333758e+01
7.299733333333333007e+01
7.327266666666665174e+01
7.340599999999999170e+01
7.400399999999999068e+01
7.385866666666667868e+01
7.301333333333334963e+01
7.231533333333332791e+01
7.255933333333334190e+01
7.270466666666666811e+01
7.266133333333333155e+01
7.247533333333335293e+01
7.227933333333334076e+01
7.197866666666666902e+01
7.165666666666668050e+01
7.123000000000000398e+01
7.079600000000000648e+01
7.035733333333334372e+01
6.992199999999999704e+01
6.951133333333332587e+01
6.913933333333334019e+01
6.875799999999999557e+01
6.837533333333333019e+01
6.802733333333334542e+01
6.769733333333333292e+01
6.736733333333332041e+01
6.707999999999999829e+01
6.684999999999999432e+01
6.664600000000000080e+01
6.637933333333333508e+01
6.610466666666665958e+01
6.583733333333333348e+01
6.560866666666666447e+01
6.534133333333332416e+01
6.513733333333333064e+01
6.493333333333332291e+01
6.479928571428571615e+01
6.460933333333332484e+01
6.441333333333334110e+01
6.427000000000001023e+01
6.411266666666668357e+01
6.392999999999999972e+01
6.378500000000000369e+01
6.363800000000000523e+01
6.348533333333332962e+01
6.337133333333333951e+01
6.326666666666666572e+01
6.318066666666664588e+01
6.311000000000001364e+01
6.303266666666665685e+01
6.296799999999999642e+01
6.290066666666665895e+01
6.284733333333335281e+01
6.277999999999999403e+01
6.268999999999999062e+01
6.263800000000000523e+01
6.255933333333332769e+01
6.246266666666667078e+01
6.238333333333333286e+01
6.230928571428570706e+01
6.224400000000000688e+01
6.214533333333334042e+01
6.209333333333334082e+01
6.204533333333332479e+01
6.201199999999999335e+01
6.206866666666667243e+01
6.222999999999999687e+01
6.236933333333332996e+01
6.233866666666666134e+01
6.247599999999999199e+01
6.314600000000000080e+01
6.440533333333333132e+01
6.575600000000001444e+01
6.709428571428573207e+01
6.697666666666665947e+01
6.656866666666665822e+01
6.634733333333333860e+01
6.619466666666667720e+01
6.622666666666667368e+01
6.622533333333333871e+01
6.629400000000001114e+01
6.639384615384614108e+01
6.650733333333332098e+01
6.664133333333333553e+01
6.715133333333334065e+01
6.797800000000000864e+01
6.864533333333334042e+01
6.920333333333333314e+01
6.978133333333333610e+01
7.030866666666666731e+01
7.073466666666666924e+01
7.109733333333333860e+01
7.142133333333330825e+01
7.169533333333332337e+01
7.181333333333333258e+01
7.193466666666667209e+01
7.264399999999999125e+01
7.396666666666666856e+01
7.536133333333332018e+01
7.534666666666664980e+01
7.417866666666667186e+01
7.325399999999999068e+01
7.246133333333332871e+01
7.176266666666667504e+01
7.159333333333331950e+01
7.126066666666665128e+01
7.079400000000001114e+01
7.025666666666666060e+01
7.006000000000000227e+01
7.064933333333331689e+01
7.113933333333332598e+01
7.174466666666666015e+01
7.182333333333332348e+01
7.254333333333333655e+01
7.234600000000000364e+01
7.229666666666666686e+01
7.202199999999999136e+01
7.164799999999999613e+01
7.121399999999999864e+01
7.071933333333335270e+01
7.020066666666667743e+01
6.962733333333332553e+01
6.901066666666666549e+01
6.836333333333331552e+01
6.772133333333333383e+01
6.710466666666667379e+01
6.650857142857142890e+01
6.594266666666665344e+01
6.546133333333332871e+01
6.498666666666666458e+01
6.452066666666668482e+01
6.408499999999999375e+01
6.364133333333334264e+01
6.325533333333333275e+01
6.294666666666666544e+01
6.265500000000000824e+01
6.231133333333333724e+01
6.201599999999999824e+01
6.170400000000000063e+01
6.144066666666666521e+01
6.112533333333332308e+01
6.076999999999999602e+01
6.042333333333332490e+01
6.014133333333333553e+01
5.987666666666667226e+01
5.960666666666666202e+01
5.933333333333333570e+01
5.906333333333332547e+01
5.879533333333333189e+01
5.856400000000000006e+01
5.830066666666666464e+01
5.805142857142857338e+01
5.782533333333332592e+01
5.782600000000000762e+01
5.778533333333334099e+01
5.773733333333333917e+01
5.780733333333333235e+01
5.798466666666665503e+01
5.819200000000000728e+01
5.836857142857142833e+01
5.853666666666666174e+01
5.871866666666665679e+01
5.885333333333333172e+01
5.889399999999999125e+01
5.890400000000000347e+01
5.884333333333333371e+01
5.873599999999999710e+01
5.863466666666667493e+01
5.856133333333332303e+01
5.849133333333334406e+01
5.845000000000000284e+01
5.842799999999999017e+01
5.845200000000001239e+01
5.836133333333332729e+01
5.818999999999998352e+01
5.805133333333333212e+01
5.761933333333332996e+01
5.698214285714286831e+01
5.690600000000001302e+01
5.703933333333333877e+01
5.721199999999999619e+01
5.741133333333333866e+01
5.766999999999999460e+01
5.797333333333333627e+01
5.833866666666666845e+01
5.875733333333333519e+01
5.913266666666666538e+01
5.945666666666666345e+01
5.976857142857142691e+01
6.034642857142857508e+01
6.116866666666666674e+01
6.229733333333334144e+01
6.393933333333334446e+01
6.543666666666666742e+01
6.563400000000000034e+01
6.540533333333331711e+01
6.509399999999999409e+01
6.484733333333332439e+01
6.463533333333333530e+01
6.442600000000001614e+01
