6.981999999999999318e+01
6.984999999999999432e+01
6.989000000000000057e+01
6.984999999999999432e+01
6.989000000000000057e+01
6.993000000000000682e+01
6.993000000000000682e+01
6.995999999999999375e+01
6.998000000000000398e+01
7.004999999999999716e+01
7.006999999999999318e+01
7.014000000000000057e+01
7.014000000000000057e+01
7.020999999999999375e+01
7.026999999999999602e+01
7.031999999999999318e+01
7.043000000000000682e+01
7.045000000000000284e+01
7.054000000000000625e+01
7.062999999999999545e+01
7.065000000000000568e+01
7.075000000000000000e+01
7.084000000000000341e+01
7.087999999999999545e+01
7.101999999999999602e+01
7.106000000000000227e+01
7.109999999999999432e+01
7.126000000000000512e+01
7.129000000000000625e+01
7.132999999999999829e+01
7.142000000000000171e+01
7.151000000000000512e+01
7.156000000000000227e+01
7.164000000000000057e+01
7.167000000000000171e+01
7.170999999999999375e+01
7.173999999999999488e+01
7.170999999999999375e+01
7.167000000000000171e+01
7.165000000000000568e+01
7.162000000000000455e+01
7.157999999999999829e+01
7.159999999999999432e+01
7.164000000000000057e+01
7.168999999999999773e+01
7.167000000000000171e+01
7.165000000000000568e+01
7.165000000000000568e+01
7.165000000000000568e+01
7.164000000000000057e+01
7.159999999999999432e+01
7.162000000000000455e+01
7.157999999999999829e+01
7.162000000000000455e+01
7.159999999999999432e+01
7.157999999999999829e+01
7.148999999999999488e+01
7.148999999999999488e+01
7.142000000000000171e+01
7.132999999999999829e+01
7.132999999999999829e+01
7.126000000000000512e+01
7.121999999999999886e+01
7.115000000000000568e+01
7.112999999999999545e+01
7.107999999999999829e+01
7.106000000000000227e+01
7.101999999999999602e+01
7.092000000000000171e+01
7.090000000000000568e+01
7.090000000000000568e+01
7.082999999999999829e+01
7.076999999999999602e+01
7.071999999999999886e+01
7.065000000000000568e+01
7.060999999999999943e+01
7.056000000000000227e+01
7.046999999999999886e+01
7.043000000000000682e+01
7.039000000000001478e+01
7.035200000000000387e+01
7.031066666666666265e+01
7.026666666666666572e+01
7.022666666666667368e+01
7.019200000000000728e+01
7.013200000000000500e+01
7.008733333333333348e+01
7.003799999999999670e+01
6.998400000000000887e+01
6.995200000000001239e+01
6.991533333333333644e+01
6.990933333333333621e+01
6.990333333333333599e+01
6.988466666666667493e+01
6.990066666666666606e+01
6.990733333333332666e+01
6.993333333333336554e+01
6.994000000000002615e+01
6.997600000000001330e+01
6.999333333333333940e+01
7.002599999999999625e+01
7.004266666666666197e+01
7.008066666666667288e+01
7.010200000000001808e+01
7.013533333333333530e+01
7.016200000000000614e+01
7.018466666666668630e+01
7.020400000000000773e+01
7.021466666666667322e+01
7.024600000000000932e+01
7.025866666666665594e+01
7.027933333333332655e+01
7.029999999999998295e+01
7.031533333333332791e+01
7.033733333333333348e+01
7.034533333333334326e+01
7.036466666666666470e+01
7.038400000000000034e+01
7.040133333333332644e+01
7.042133333333335088e+01
7.042733333333333690e+01
7.043200000000001637e+01
7.043000000000000682e+01
7.044800000000002171e+01
7.045866666666668721e+01
7.046400000000001285e+01
7.046133333333335713e+01
7.046733333333334315e+01
7.046533333333334781e+01
7.047400000000000375e+01
7.047666666666667368e+01
7.048400000000000887e+01
7.048733333333333917e+01
7.047800000000000864e+01
7.048199999999999932e+01
7.047933333333334360e+01
7.047733333333333405e+01
7.046733333333334315e+01
7.048133333333333894e+01
7.053199999999998226e+01
7.061142857142856144e+01
7.069666666666668675e+01
7.076066666666665128e+01
7.083666666666667311e+01
7.088533333333333530e+01
7.095200000000001239e+01
7.100666666666666060e+01
7.102599999999999625e+01
7.105714285714286405e+01
7.108933333333334303e+01
7.110799999999998988e+01
7.110133333333332928e+01
7.107733333333335679e+01
7.102428571428571047e+01
7.095266666666665856e+01
7.085999999999999943e+01
7.078999999999999204e+01
7.071000000000000796e+01
7.060199999999998965e+01
7.052466666666666129e+01
7.046466666666668743e+01
7.041266666666666652e+01
7.036733333333333462e+01
7.034466666666666868e+01
7.032399999999999807e+01
7.029199999999998738e+01
7.025933333333333053e+01
7.021600000000002240e+01
7.020666666666669187e+01
7.020000000000001705e+01
7.018066666666666720e+01
7.016733333333331757e+01
7.012666666666667936e+01
7.008133333333331905e+01
7.004733333333332723e+01
7.002666666666665662e+01
7.001199999999998624e+01
7.001399999999999579e+01
7.001857142857141980e+01
7.001933333333333564e+01
7.000066666666666038e+01
6.997733333333333405e+01
6.994666666666668675e+01
6.991866666666668095e+01
6.988466666666666072e+01
6.986933333333334417e+01
6.987600000000000477e+01
6.988400000000000034e+01
6.990066666666666606e+01
6.991200000000000614e+01
6.991799999999997794e+01
6.993200000000001637e+01
6.994466666666669141e+01
6.995266666666667277e+01
6.995400000000000773e+01
6.995266666666667277e+01
6.995200000000001239e+01
6.996000000000002217e+01
6.994800000000002171e+01
6.994666666666668675e+01
6.994066666666668652e+01
6.992466666666668118e+01
6.991266666666665230e+01
6.989533333333334042e+01
6.987733333333333974e+01
6.987066666666667913e+01
6.983533333333333815e+01
6.982333333333332348e+01
6.979466666666665731e+01
6.977333333333332632e+01
6.976066666666666549e+01
6.974000000000000909e+01
6.972066666666667345e+01
6.970066666666666322e+01
6.968933333333333735e+01
6.966066666666665697e+01
6.965133333333332644e+01
6.962466666666665560e+01
6.960200000000000387e+01
6.956799999999998363e+01
6.955066666666667174e+01
6.953266666666665685e+01
6.950399999999999068e+01
6.948533333333334383e+01
6.946933333333335270e+01
6.943333333333332291e+01
6.940133333333332644e+01
6.932866666666664912e+01
6.924399999999999977e+01
6.914066666666666094e+01
6.900800000000000978e+01
6.889133333333332132e+01
6.875800000000000978e+01
6.865866666666667584e+01
6.862733333333333974e+01
6.866400000000000148e+01
6.875333333333333030e+01
6.887933333333332087e+01
6.901599999999999113e+01
6.917866666666667186e+01
6.932066666666666777e+01
6.946133333333334292e+01
6.958266666666666822e+01
6.970600000000000307e+01
6.980333333333332746e+01
6.988466666666666072e+01
6.993200000000003058e+01
6.994533333333335179e+01
6.993600000000000705e+01
6.991000000000001080e+01
6.986266666666666936e+01
6.981799999999998363e+01
6.978066666666664730e+01
6.974642857142858077e+01
6.972866666666666902e+01
6.970399999999999352e+01
6.969800000000000750e+01
6.968466666666667209e+01
6.969133333333334690e+01
6.970599999999998886e+01
6.971666666666666856e+01
6.971933333333335270e+01
6.973333333333333428e+01
6.976133333333332587e+01
6.979666666666666686e+01
6.983733333333333348e+01
6.988866666666666561e+01
6.991666666666667140e+01
6.994133333333336111e+01
6.995666666666667766e+01
6.997466666666667834e+01
6.999333333333333940e+01
7.001666666666665151e+01
7.003933333333331746e+01
7.004999999999999716e+01
7.005599999999999739e+01
7.006599999999998829e+01
7.006733333333333746e+01
7.007399999999999807e+01
7.006333333333331836e+01
7.006466666666665333e+01
7.005666666666665776e+01
7.006866666666665822e+01
7.008200000000000784e+01
7.009799999999999898e+01
7.012866666666667470e+01
7.015733333333334087e+01
7.017600000000001614e+01
7.018466666666670051e+01
7.020333333333334735e+01
7.020733333333333803e+01
7.022066666666667345e+01
7.023000000000000398e+01
7.022533333333333871e+01
7.023999999999999488e+01
7.022733333333333405e+01
7.022400000000000375e+01
7.021266666666669209e+01
7.020466666666668232e+01
7.019933333333334247e+01
7.018600000000000705e+01
7.017466666666668118e+01
7.015533333333334554e+01
7.013200000000000500e+01
7.010600000000000875e+01
7.007933333333333792e+01
7.005466666666666242e+01
7.003133333333332189e+01
7.000799999999999557e+01
6.997133333333336225e+01
6.994333333333334224e+01
6.990933333333333621e+01
6.986999999999999034e+01
6.984066666666667800e+01
6.980533333333332280e+01
6.977733333333331700e+01
6.975000000000000000e+01
6.971666666666668277e+01
6.968466666666664366e+01
6.965333333333332178e+01
6.962133333333333951e+01
6.957666666666666799e+01
6.955400000000000205e+01
6.951666666666666572e+01
6.949066666666666947e+01
6.946000000000002217e+01
6.943200000000000216e+01
6.940200000000000102e+01
6.937066666666666492e+01
6.934466666666666868e+01
6.931666666666663446e+01
6.929133333333332700e+01
6.926933333333333564e+01
6.924399999999999977e+01
6.922466666666667834e+01
6.920000000000000284e+01
6.918466666666668630e+01
6.915733333333331245e+01
6.914000000000000057e+01
6.912066666666666492e+01
6.911600000000001387e+01
6.909999999999999432e+01
6.908533333333335236e+01
6.906333333333333258e+01
6.905333333333332746e+01
6.904999999999998295e+01
6.903999999999997783e+01
6.903666666666664753e+01
6.904933333333333678e+01
6.906533333333332791e+01
6.907466666666667265e+01
6.907733333333335679e+01
6.911533333333333928e+01
6.914533333333332621e+01
6.917266666666665742e+01
6.922266666666668300e+01
6.926333333333332121e+01
6.930799999999999272e+01
6.939733333333333576e+01
6.949399999999998556e+01
6.960466666666665958e+01
6.974466666666666015e+01
6.986399999999999011e+01
7.001066666666665128e+01
7.013866666666666561e+01
7.025799999999999557e+01
7.038533333333332109e+01
7.051800000000000068e+01
7.065666666666666629e+01
7.078533333333332678e+01
7.093466666666668630e+01
7.104800000000000182e+01
7.114866666666665651e+01
7.125266666666665571e+01
7.131799999999999784e+01
7.139733333333332155e+01
7.146599999999999397e+01
7.151733333333331188e+01
7.154933333333333678e+01
7.157266666666667732e+01
7.159733333333335281e+01
7.162000000000001876e+01
7.163466666666666072e+01
7.163733333333333064e+01
7.163133333333331620e+01
7.163866666666665139e+01
7.161333333333332973e+01
7.161733333333333462e+01
7.159600000000000364e+01
7.157800000000000296e+01
7.156066666666664844e+01
7.153933333333333167e+01
7.152199999999999136e+01
7.148066666666666436e+01
7.144933333333334247e+01
7.140533333333333132e+01
7.138000000000000966e+01
7.135000000000000853e+01
7.131733333333333746e+01
7.127933333333332655e+01
7.125200000000000955e+01
7.119599999999998374e+01
7.114199999999999591e+01
7.112133333333332530e+01
7.107866666666669175e+01
7.104133333333332700e+01
7.099800000000000466e+01
7.096266666666666367e+01
7.090466666666664253e+01
7.086799999999999500e+01
7.082266666666666310e+01
7.078230769230768260e+01
7.074933333333333962e+01
7.072533333333333871e+01
7.066799999999999216e+01
7.061400000000000432e+01
7.057866666666664912e+01
7.053933333333333167e+01
7.050733333333332098e+01
7.045600000000003149e+01
7.043533333333334667e+01
7.038066666666667004e+01
7.034066666666666379e+01
7.029866666666664798e+01
7.026533333333333076e+01
7.022133333333334804e+01
7.018533333333334667e+01
7.015799999999998704e+01
7.009733333333333860e+01
7.005666666666664355e+01
7.002266666666666595e+01
6.998466666666666924e+01
6.994133333333336111e+01
6.991733333333331757e+01
6.986466666666666470e+01
6.981799999999998363e+01
6.978333333333331723e+01
6.974466666666667436e+01
6.969533333333332337e+01
6.966799999999999216e+01
6.963400000000000034e+01
6.959999999999999432e+01
6.956466666666663912e+01
6.952466666666666129e+01
6.950866666666665594e+01
6.948600000000000421e+01
6.946000000000002217e+01
6.945333333333333314e+01
6.942266666666665742e+01
6.943066666666665299e+01
6.942533333333334156e+01
6.944533333333333758e+01
6.946000000000000796e+01
6.947466666666667834e+01
6.950999999999999091e+01
6.954933333333333678e+01
6.960999999999999943e+01
6.966133333333333155e+01
6.972533333333333871e+01
6.977733333333331700e+01
6.983799999999999386e+01
6.990000000000001990e+01
6.995933333333333337e+01
7.001933333333332143e+01
7.008200000000000784e+01
7.013933333333332598e+01
7.019466666666669141e+01
7.023142857142858020e+01
7.028599999999998715e+01
7.032999999999999829e+01
7.035200000000000387e+01
7.037466666666665560e+01
7.042133333333335088e+01
7.043133333333335599e+01
7.044333333333335645e+01
7.044600000000001216e+01
7.046133333333335713e+01
7.044666666666668675e+01
7.044133333333334690e+01
7.044733333333333292e+01
7.041400000000000148e+01
7.040133333333332644e+01
7.037266666666666026e+01
7.034933333333333394e+01
7.032199999999998852e+01
7.028999999999997783e+01
7.026933333333333564e+01
7.023533333333334383e+01
7.019866666666669630e+01
7.017066666666666208e+01
7.012066666666667913e+01
7.007866666666664912e+01
7.003266666666667106e+01
6.999133333333334406e+01
6.994400000000000261e+01
6.990066666666666606e+01
6.985200000000001808e+01
6.980333333333331325e+01
6.975600000000000023e+01
6.971266666666669209e+01
6.966733333333333178e+01
6.961066666666665981e+01
6.955333333333331325e+01
6.951399999999999579e+01
6.947200000000000841e+01
6.941866666666666674e+01
6.936333333333332973e+01
6.931199999999998340e+01
6.925733333333333519e+01
6.921000000000002217e+01
6.916933333333332712e+01
6.910866666666667868e+01
6.906466666666666754e+01
6.900600000000001444e+01
6.896800000000001774e+01
6.894600000000001216e+01
6.889000000000000057e+01
6.885200000000000387e+01
6.881800000000001205e+01
6.876333333333333542e+01
6.874066666666666947e+01
6.872266666666668300e+01
6.874866666666666504e+01
6.882999999999999829e+01
6.893000000000002103e+01
6.907800000000000296e+01
6.922066666666665924e+01
6.935133333333332928e+01
6.948866666666665992e+01
6.961933333333331575e+01
6.975066666666664617e+01
6.990133333333336907e+01
7.004266666666666197e+01
7.016666666666667140e+01
7.028933333333333167e+01
7.037933333333332087e+01
7.046399999999999864e+01
7.054933333333332257e+01
7.060066666666668311e+01
7.064733333333333576e+01
7.069733333333334713e+01
7.073466666666666924e+01
7.076066666666665128e+01
7.078866666666665708e+01
7.080333333333334167e+01
7.079799999999998761e+01
7.078866666666665708e+01
7.075399999999999068e+01
7.072200000000000841e+01
7.067066666666667629e+01
7.064133333333332132e+01
7.063000000000000966e+01
7.064866666666667072e+01
7.069133333333336111e+01
7.068666666666668164e+01
7.068533333333334667e+01
7.068307692307692491e+01
7.068266666666666254e+01
7.065066666666666606e+01
7.064266666666665628e+01
7.063066666666667004e+01
7.059733333333333860e+01
7.057466666666665844e+01
7.057199999999997431e+01
7.055999999999997385e+01
7.052266666666666595e+01
7.048600000000001842e+01
7.046533333333334781e+01
7.042533333333334156e+01
7.040599999999999170e+01
7.039666666666666117e+01
7.039266666666665628e+01
7.039266666666665628e+01
7.041400000000000148e+01
7.043466666666668630e+01
7.044800000000002171e+01
7.047466666666667834e+01
7.048133333333333894e+01
7.048399999999999466e+01
7.049866666666666504e+01
7.050666666666666060e+01
7.051133333333332587e+01
7.053599999999998715e+01
7.052933333333332655e+01
7.053133333333332189e+01
7.053866666666665708e+01
7.054799999999998761e+01
7.055133333333331791e+01
7.056333333333330415e+01
7.055799999999997851e+01
7.056866666666662979e+01
7.057266666666664889e+01
7.057733333333332837e+01
7.057799999999998875e+01
7.058600000000001273e+01
7.057800000000000296e+01
7.058333333333334281e+01
7.058066666666665867e+01
7.058666666666667311e+01
7.058533333333333815e+01
7.058266666666666822e+01
7.058400000000000318e+01
7.057866666666667754e+01
7.057666666666663957e+01
7.057000000000000739e+01
7.055999999999998806e+01
7.055666666666664355e+01
7.055799999999997851e+01
7.054733333333332723e+01
7.052799999999999159e+01
7.050133333333333496e+01
7.046133333333335713e+01
7.040466666666665674e+01
7.032266666666666310e+01
7.023800000000001376e+01
7.015733333333332666e+01
7.004933333333332257e+01
6.999200000000000443e+01
6.998666666666666458e+01
7.003399999999997760e+01
7.014466666666666583e+01
7.026333333333332121e+01
7.038333333333331154e+01
7.050333333333331609e+01
7.061999999999999034e+01
7.070333333333334735e+01
7.073400000000000887e+01
7.073199999999999932e+01
7.073866666666665992e+01
7.074933333333332541e+01
7.074600000000000932e+01
7.074333333333333940e+01
7.070400000000002194e+01
7.066399999999998727e+01
7.062199999999999989e+01
7.057333333333332348e+01
7.053466666666666640e+01
7.050533333333332564e+01
7.048357142857143742e+01
7.047400000000000375e+01
7.046933333333332428e+01
7.043666666666668164e+01
7.040933333333333621e+01
7.037066666666666492e+01
7.034599999999998943e+01
7.031999999999999318e+01
7.028666666666664753e+01
7.026933333333333564e+01
7.025866666666667015e+01
7.027199999999997715e+01
7.029933333333332257e+01
7.030266666666665287e+01
7.030666666666665776e+01
7.031399999999999295e+01
7.033066666666667288e+01
7.033066666666667288e+01
7.033066666666665867e+01
7.034000000000000341e+01
7.034799999999999898e+01
7.033533333333333815e+01
7.032933333333332371e+01
7.031666666666664867e+01
7.031533333333331370e+01
7.030599999999998317e+01
7.030400000000000205e+01
7.030666666666665776e+01
7.030066666666665753e+01
7.033066666666667288e+01
7.032733333333332837e+01
7.035466666666665958e+01
7.035333333333332462e+01
7.039199999999999591e+01
7.041199999999999193e+01
7.042666666666667652e+01
7.044733333333334713e+01
7.046600000000002240e+01
7.047200000000000841e+01
7.049133333333332985e+01
7.049800000000000466e+01
7.050399999999999068e+01
7.051333333333332121e+01
7.051866666666666106e+01
7.052933333333332655e+01
7.053866666666664287e+01
7.053733333333330791e+01
7.053999999999997783e+01
7.053266666666665685e+01
7.052933333333332655e+01
7.052799999999999159e+01
7.052933333333332655e+01
7.050800000000000978e+01
7.050733333333332098e+01
7.049466666666667436e+01
7.049266666666667902e+01
7.048199999999999932e+01
7.046600000000002240e+01
7.046466666666668743e+01
7.044533333333335179e+01
7.043266666666664833e+01
7.042333333333333201e+01
7.042066666666667629e+01
7.040428571428570592e+01
7.039133333333332132e+01
7.037933333333333508e+01
7.035266666666666424e+01
7.033333333333332860e+01
7.032866666666667754e+01
7.030066666666667174e+01
7.029266666666666197e+01
7.027133333333333098e+01
7.025399999999999068e+01
7.020400000000002194e+01
7.013200000000000500e+01
7.008333333333332860e+01
7.013066666666667004e+01
7.022999999999998977e+01
7.037399999999999523e+01
7.051999999999999602e+01
7.060266666666666424e+01
7.065533333333333132e+01
7.066200000000002035e+01
7.062333333333334906e+01
7.056666666666664867e+01
7.056733333333332325e+01
7.059466666666666868e+01
7.063133333333331620e+01
7.063866666666667982e+01
7.063200000000000500e+01
7.059466666666665446e+01
7.056266666666665799e+01
7.052333333333332632e+01
7.046733333333334315e+01
7.040333333333333599e+01
7.031333333333331836e+01
7.025799999999999557e+01
7.023466666666666924e+01
7.023533333333332962e+01
7.023799999999999955e+01
7.022800000000000864e+01
7.027933333333332655e+01
7.036066666666665981e+01
7.047333333333334338e+01
7.058999999999998920e+01
7.070866666666667300e+01
7.077933333333334076e+01
7.079800000000000182e+01
7.077266666666668016e+01
7.075066666666666038e+01
7.072733333333333405e+01
7.067666666666667652e+01
7.061800000000000921e+01
7.057399999999998386e+01
7.055533333333330859e+01
7.051666666666666572e+01
7.050199999999999534e+01
7.048200000000001353e+01
7.046000000000002217e+01
7.041533333333333644e+01
7.037066666666666492e+01
7.033399999999998897e+01
7.028799999999999670e+01
7.024733333333333007e+01
7.022466666666669255e+01
7.020733333333335224e+01
7.019666666666667254e+01
7.018599999999999284e+01
7.018800000000003081e+01
7.020200000000001239e+01
7.019933333333337089e+01
7.020733333333333803e+01
7.022866666666666902e+01
7.023000000000000398e+01
7.024733333333333007e+01
7.026066666666665128e+01
7.027133333333333098e+01
7.028399999999997760e+01
7.029466666666665731e+01
7.030666666666665776e+01
7.033333333333334281e+01
7.033333333333332860e+01
7.034000000000000341e+01
7.035866666666667868e+01
7.038333333333333997e+01
7.039599999999998658e+01
7.039666666666666117e+01
7.040533333333333132e+01
7.041933333333332712e+01
7.042533333333334156e+01
7.041066666666665697e+01
7.042266666666667163e+01
7.042466666666668118e+01
7.043266666666667675e+01
7.043533333333334667e+01
7.043000000000002103e+01
7.043266666666667675e+01
7.043000000000000682e+01
7.042000000000000171e+01
7.041733333333333178e+01
7.042333333333334622e+01
7.041733333333333178e+01
7.039799999999998192e+01
7.040733333333332666e+01
7.038799999999999102e+01
7.038266666666666538e+01
7.036333333333332973e+01
7.035200000000000387e+01
7.035133333333334349e+01
7.033200000000000784e+01
7.031933333333331859e+01
7.033200000000000784e+01
7.041133333333333155e+01
7.053799999999998249e+01
7.071399999999999864e+01
7.090333333333335020e+01
7.107666666666665378e+01
7.123999999999999488e+01
7.134799999999999898e+01
7.138533333333333530e+01
7.139199999999999591e+01
7.143000000000000682e+01
7.146399999999999864e+01
7.147400000000000375e+01
7.143000000000000682e+01
7.139533333333332621e+01
7.134666666666666401e+01
7.128466666666665219e+01
7.118400000000001171e+01
7.110666666666666913e+01
7.103600000000000136e+01
7.097200000000000841e+01
7.089799999999999613e+01
7.084999999999999432e+01
7.083333333333334281e+01
7.080733333333334656e+01
7.077599999999999625e+01
7.072333333333334338e+01
7.065785714285715358e+01
7.058866666666664003e+01
7.053799999999999670e+01
7.049600000000000932e+01
7.047466666666667834e+01
7.045200000000002660e+01
7.044933333333334247e+01
7.043066666666668141e+01
7.040000000000000568e+01
7.038466666666666072e+01
7.036666666666666003e+01
7.034866666666667356e+01
7.033199999999997942e+01
7.031933333333331859e+01
7.031066666666664844e+01
7.028933333333331746e+01
7.030266666666666708e+01
7.030133333333331791e+01
7.030999999999998806e+01
7.031666666666666288e+01
7.031266666666665799e+01
7.030999999999998806e+01
7.032333333333332348e+01
7.033400000000000318e+01
7.035133333333332928e+01
7.038266666666665117e+01
7.040533333333333132e+01
7.043800000000001660e+01
7.045666666666667766e+01
7.048533333333332962e+01
7.050066666666666038e+01
7.052199999999999136e+01
7.054066666666663821e+01
7.056600000000000250e+01
7.056866666666664401e+01
7.059400000000000830e+01
7.060333333333333883e+01
7.060866666666667868e+01
7.061799999999999500e+01
7.063133333333331620e+01
7.064399999999999125e+01
7.065266666666667561e+01
7.065733333333334087e+01
7.067133333333335088e+01
7.066400000000001569e+01
7.068066666666668141e+01
7.068266666666667675e+01
7.068800000000001660e+01
7.069600000000001216e+01
7.068466666666667209e+01
7.070800000000001262e+01
7.069933333333334247e+01
7.069600000000001216e+01
7.069266666666666765e+01
7.070133333333336623e+01
7.069533333333335179e+01
7.070200000000001239e+01
7.069866666666668209e+01
7.070800000000002683e+01
7.071400000000001285e+01
7.070666666666669187e+01
7.070266666666670119e+01
7.070533333333335690e+01
7.070533333333334269e+01
7.070066666666667743e+01
7.069333333333335645e+01
7.071250000000000568e+01
7.069133333333336111e+01
7.071142857142858418e+01
7.070750000000001023e+01
7.076142857142856712e+01
7.087000000000000455e+01
7.101285714285714334e+01
7.114437499999999659e+01
7.126799999999998647e+01
7.132200000000001694e+01
7.134133333333333837e+01
7.133600000000001273e+01
7.130733333333331814e+01
7.125533333333333985e+01
7.117933333333331802e+01
7.109266666666665913e+01
7.100333333333334451e+01
7.088600000000000989e+01
7.077466666666666129e+01
7.071933333333335270e+01
7.068333333333335133e+01
7.065666666666668050e+01
7.060200000000000387e+01
7.056666666666664867e+01
7.051599999999999113e+01
7.048200000000001353e+01
7.043266666666666254e+01
7.037333333333334906e+01
7.032933333333332371e+01
7.027466666666666129e+01
7.023800000000001376e+01
7.019733333333333292e+01
7.017666666666667652e+01
7.012999999999998124e+01
7.008133333333331905e+01
7.005333333333331325e+01
7.002866666666665196e+01
6.999133333333334406e+01
6.996800000000001774e+01
6.994733333333333292e+01
6.992666666666667652e+01
6.990533333333333132e+01
6.989399999999999125e+01
6.986666666666668846e+01
6.986799999999999500e+01
6.984000000000000341e+01
6.986333333333332973e+01
6.988866666666666561e+01
6.991599999999999682e+01
6.993066666666668141e+01
6.992933333333334645e+01
6.993800000000003081e+01
6.996533333333333360e+01
6.996800000000001774e+01
6.999333333333333940e+01
6.998533333333332962e+01
7.000733333333332098e+01
7.001066666666665128e+01
7.001866666666666106e+01
7.002533333333332166e+01
7.002799999999999159e+01
7.003933333333331746e+01
7.005133333333331791e+01
7.006733333333333746e+01
7.007533333333334724e+01
7.008066666666667288e+01
7.009133333333333837e+01
7.010666666666666913e+01
7.012133333333332530e+01
7.014666666666667538e+01
7.014866666666667072e+01
7.017066666666666208e+01
7.018400000000001171e+01
7.019000000000001194e+01
7.020466666666668232e+01
7.022066666666667345e+01
7.022400000000000375e+01
7.024800000000000466e+01
7.026333333333332121e+01
7.027066666666664219e+01
7.028733333333330791e+01
7.029999999999998295e+01
7.031466666666666754e+01
7.033333333333334281e+01
7.034000000000000341e+01
7.035599999999999454e+01
7.037733333333332553e+01
7.039600000000000080e+01
7.041733333333331757e+01
7.043533333333336088e+01
7.045266666666667277e+01
7.046066666666668254e+01
7.047066666666667345e+01
7.048866666666665992e+01
7.050399999999999068e+01
7.050933333333333053e+01
7.053133333333332189e+01
7.054533333333330347e+01
7.053799999999999670e+01
7.056466666666663912e+01
7.056999999999997897e+01
7.058866666666664003e+01
7.057866666666667754e+01
7.059933333333333394e+01
7.061799999999999500e+01
7.061533333333333928e+01
7.061933333333332996e+01
7.064199999999999591e+01
7.064533333333332621e+01
7.063733333333333064e+01
7.066066666666667118e+01
7.067466666666668118e+01
7.067533333333334156e+01
7.069666666666668675e+01
7.071266666666669209e+01
7.073133333333333894e+01
7.075600000000000023e+01
7.079399999999999693e+01
7.082333333333333769e+01
7.087666666666667936e+01
7.093000000000000682e+01
7.100399999999999068e+01
7.106133333333333724e+01
7.111933333333332996e+01
7.118399999999999750e+01
7.126399999999998158e+01
7.132933333333333792e+01
7.137666666666667936e+01
7.143800000000001660e+01
7.148866666666665992e+01
7.154666666666665265e+01
7.158933333333334303e+01
7.163000000000000966e+01
7.166266666666665230e+01
7.170666666666669187e+01
7.174733333333333007e+01
7.178933333333333167e+01
7.181733333333335167e+01
7.184733333333333860e+01
7.186599999999999966e+01
7.189133333333332132e+01
7.191266666666666652e+01
7.194733333333333292e+01
7.194400000000000261e+01
7.196666666666668277e+01
7.197133333333334804e+01
7.199133333333334406e+01
7.200666666666666060e+01
7.201933333333333564e+01
7.202133333333333098e+01
7.203599999999998715e+01
7.203599999999998715e+01
7.204333333333330813e+01
7.205399999999998784e+01
7.204333333333330813e+01
7.203666666666664753e+01
7.204066666666663821e+01
7.204466666666665731e+01
7.202933333333332655e+01
7.202533333333332166e+01
7.201333333333333542e+01
7.201533333333333076e+01
7.199866666666666504e+01
7.198600000000001842e+01
7.197533333333333871e+01
7.197266666666668300e+01
7.195866666666667300e+01
7.194400000000000261e+01
7.193866666666667697e+01
7.192916666666666003e+01
7.191266666666665230e+01
7.190666666666666629e+01
7.189266666666665628e+01
7.187666666666667936e+01
7.186600000000001387e+01
7.185400000000001342e+01
7.184000000000000341e+01
7.181999999999996476e+01
7.181799999999999784e+01
7.179733333333334144e+01
7.176733333333332610e+01
7.175266666666666993e+01
7.172733333333333405e+01
7.169999999999998863e+01
7.169599999999998374e+01
7.167066666666666208e+01
7.166066666666665697e+01
7.164200000000001012e+01
7.162733333333333974e+01
7.161333333333335815e+01
7.157733333333335679e+01
7.157199999999998852e+01
7.155599999999998317e+01
7.155133333333331791e+01
7.151733333333332610e+01
7.149666666666666970e+01
7.150000000000000000e+01
7.146800000000000352e+01
7.144800000000002171e+01
7.142999999999999261e+01
7.141133333333331734e+01
7.139466666666666583e+01
7.137866666666666049e+01
7.134999999999999432e+01
7.134199999999999875e+01
7.131733333333333746e+01
7.130199999999999250e+01
7.128933333333331746e+01
7.126466666666667038e+01
7.124133333333334406e+01
7.123399999999999466e+01
7.120333333333333314e+01
7.118533333333334667e+01
7.116866666666666674e+01
7.116866666666666674e+01
7.114000000000000057e+01
7.112599999999999056e+01
7.111466666666666470e+01
7.108933333333334303e+01
7.107733333333334258e+01
7.104999999999998295e+01
7.103533333333332678e+01
7.103466666666665219e+01
7.101600000000000534e+01
7.101399999999999579e+01
7.099333333333333940e+01
7.098533333333334383e+01
7.096666666666668277e+01
7.095933333333333337e+01
7.094266666666666765e+01
7.092666666666667652e+01
7.093000000000002103e+01
7.090733333333332666e+01
7.090933333333332200e+01
7.089466666666666583e+01
7.088666666666667027e+01
7.088066666666667004e+01
7.085866666666667868e+01
7.085933333333333906e+01
7.085800000000000409e+01
7.085999999999999943e+01
7.084600000000001785e+01
7.083800000000000807e+01
7.083285714285716494e+01
7.082466666666667265e+01
7.082199999999998852e+01
7.081133333333332303e+01
7.078600000000000136e+01
7.078999999999999204e+01
7.077133333333333098e+01
7.077133333333333098e+01
7.075533333333332564e+01
7.074533333333333474e+01
7.072933333333334360e+01
7.071266666666669209e+01
7.068600000000000705e+01
7.066133333333333155e+01
7.062933333333333508e+01
7.060200000000001808e+01
7.056333333333330415e+01
7.054133333333332700e+01
7.051600000000000534e+01
7.048466666666666924e+01
7.044466666666669141e+01
7.041000000000001080e+01
7.037071428571428555e+01
7.033200000000000784e+01
7.029266666666666197e+01
7.025666666666666060e+01
7.020933333333336179e+01
7.017499999999999716e+01
7.012666666666667936e+01
7.007133333333332814e+01
7.003733333333330791e+01
6.999133333333334406e+01
6.995000000000001705e+01
6.991266666666665230e+01
6.985800000000000409e+01
6.980266666666666708e+01
6.975066666666666038e+01
6.971933333333335270e+01
6.966733333333333178e+01
6.961466666666666470e+01
6.955400000000000205e+01
6.951533333333333076e+01
6.947200000000002262e+01
6.942933333333331802e+01
6.938266666666667959e+01
6.934333333333330529e+01
6.928866666666664287e+01
6.925733333333333519e+01
6.925999999999999091e+01
6.932214285714285040e+01
6.944866666666668209e+01
6.957066666666666777e+01
6.974533333333332052e+01
6.993533333333333246e+01
7.011200000000000898e+01
7.027599999999999625e+01
7.038866666666667982e+01
7.044933333333334247e+01
7.049333333333332519e+01
7.057399999999999807e+01
7.065133333333332644e+01
7.068933333333335156e+01
7.067000000000003013e+01
7.062933333333333508e+01
7.058666666666665890e+01
7.055666666666664355e+01
7.055066666666662911e+01
7.058533333333333815e+01
7.067266666666667163e+01
7.074857142857142378e+01
7.083866666666666845e+01
7.093285714285714505e+01
7.096133333333334292e+01
7.094333333333332803e+01
7.088866666666666561e+01
7.081066666666666265e+01
7.071333333333335247e+01
7.068600000000000705e+01
7.072200000000000841e+01
7.077199999999999136e+01
7.079666666666665265e+01
7.079933333333333678e+01
7.078066666666667572e+01
7.074466666666667436e+01
7.069333333333335645e+01
7.062266666666666026e+01
7.054266666666666197e+01
7.050399999999999068e+01
7.051866666666666106e+01
7.057466666666665844e+01
7.063400000000001455e+01
7.065400000000001057e+01
7.062066666666666492e+01
7.058200000000000784e+01
7.058599999999999852e+01
7.064066666666666094e+01
7.073733333333332496e+01
7.082600000000000762e+01
7.094066666666667231e+01
7.105333333333334167e+01
7.113533333333333530e+01
7.116599999999998261e+01
7.114133333333332132e+01
7.109733333333333860e+01
7.110999999999999943e+01
7.116666666666667140e+01
7.118200000000000216e+01
7.119066666666668652e+01
7.125933333333333053e+01
7.130800000000000693e+01
7.132466666666667265e+01
7.129399999999999693e+01
7.125866666666667015e+01
7.129266666666666197e+01
7.132866666666664912e+01
7.134200000000001296e+01
7.130066666666665753e+01
7.131533333333332791e+01
7.138733333333331643e+01
7.142266666666665742e+01
7.140733333333332666e+01
7.138866666666666561e+01
7.140799999999998704e+01
7.143600000000000705e+01
7.149800000000000466e+01
7.156266666666667220e+01
7.163533333333333530e+01
7.165733333333332666e+01
7.164533333333334042e+01
7.163266666666666538e+01
7.165200000000000102e+01
7.167199999999999704e+01
7.165666666666666629e+01
7.160933333333333906e+01
7.153466666666666640e+01
7.151800000000000068e+01
7.155066666666665753e+01
7.157400000000001228e+01
7.154333333333332234e+01
7.151733333333332610e+01
7.153199999999998226e+01
7.159666666666664980e+01
7.165466666666665674e+01
7.165599999999999170e+01
7.162800000000000011e+01
7.161333333333332973e+01
7.165066666666666606e+01
7.171133333333334292e+01
7.174666666666666970e+01
7.171333333333332405e+01
7.164533333333332621e+01
7.157866666666667754e+01
7.158466666666666356e+01
7.164333333333333087e+01
7.169533333333335179e+01
7.172733333333333405e+01
7.171933333333332428e+01
7.167333333333333201e+01
7.162333333333332064e+01
7.155533333333330859e+01
7.148133333333335315e+01
7.139199999999999591e+01
7.131533333333331370e+01
7.125000000000001421e+01
7.119133333333333269e+01
7.114066666666667516e+01
7.110133333333332928e+01
7.106266666666665799e+01
7.100466666666666526e+01
7.097666666666667368e+01
7.096000000000000796e+01
7.094266666666666765e+01
7.094933333333332826e+01
7.097333333333334338e+01
7.102199999999999136e+01
7.108733333333334770e+01
7.116666666666667140e+01
7.124533333333332052e+01
7.129333333333332234e+01
7.132866666666667754e+01
7.135933333333333906e+01
7.137733333333332553e+01
7.139199999999999591e+01
7.139066666666666094e+01
7.139133333333332132e+01
7.138666666666664185e+01
7.137400000000000944e+01
7.134799999999999898e+01
7.131733333333332325e+01
7.129399999999999693e+01
7.126399999999999579e+01
7.122066666666667345e+01
7.120066666666666322e+01
7.117266666666667163e+01
7.116066666666665697e+01
7.118866666666667697e+01
7.123733333333332496e+01
7.129266666666666197e+01
7.134666666666666401e+01
