7.009000000000000341e+01
7.009000000000000341e+01
7.014000000000000057e+01
7.018000000000000682e+01
7.018000000000000682e+01
7.020999999999999375e+01
7.025000000000000000e+01
7.023000000000000398e+01
7.031999999999999318e+01
7.031999999999999318e+01
7.037999999999999545e+01
7.040999999999999659e+01
7.050000000000000000e+01
7.054000000000000625e+01
7.056999999999999318e+01
7.065000000000000568e+01
7.071999999999999886e+01
7.073999999999999488e+01
7.079000000000000625e+01
7.085999999999999943e+01
7.092000000000000171e+01
7.101999999999999602e+01
7.107999999999999829e+01
7.112999999999999545e+01
7.121999999999999886e+01
7.126000000000000512e+01
7.137000000000000455e+01
7.142000000000000171e+01
7.146999999999999886e+01
7.156000000000000227e+01
7.159999999999999432e+01
7.173999999999999488e+01
7.179999999999999716e+01
7.181999999999999318e+01
7.181999999999999318e+01
7.179999999999999716e+01
7.178000000000000114e+01
7.170999999999999375e+01
7.167000000000000171e+01
7.167000000000000171e+01
7.159999999999999432e+01
7.165000000000000568e+01
7.167000000000000171e+01
7.167000000000000171e+01
7.165000000000000568e+01
7.165000000000000568e+01
7.157999999999999829e+01
7.157999999999999829e+01
7.156000000000000227e+01
7.156000000000000227e+01
7.157999999999999829e+01
7.154999999999999716e+01
7.154999999999999716e+01
7.157999999999999829e+01
7.151000000000000512e+01
7.142000000000000171e+01
7.137999999999999545e+01
7.132999999999999829e+01
7.121999999999999886e+01
7.115000000000000568e+01
7.110999999999999943e+01
7.101999999999999602e+01
7.092000000000000171e+01
7.082999999999999829e+01
7.079000000000000625e+01
7.076999999999999602e+01
7.070000000000000284e+01
7.068000000000000682e+01
7.065000000000000568e+01
7.059000000000000341e+01
7.056000000000000227e+01
7.054000000000000625e+01
7.045000000000000284e+01
7.043000000000000682e+01
7.034000000000000341e+01
7.029999999999999716e+01
7.029000000000000625e+01
7.023000000000000398e+01
7.016800000000000637e+01
7.015533333333333132e+01
7.008733333333333348e+01
7.003333333333333144e+01
7.000066666666666038e+01
6.994333333333335645e+01
6.991133333333331734e+01
6.986866666666666958e+01
6.982133333333331393e+01
6.980066666666665753e+01
6.978999999999997783e+01
6.980133333333331791e+01
6.980733333333333235e+01
6.984666666666666401e+01
6.987733333333333974e+01
6.992933333333334645e+01
6.996000000000000796e+01
7.000533333333332564e+01
7.004266666666664776e+01
7.009666666666666401e+01
7.015200000000000102e+01
7.019600000000001216e+01
7.024733333333333007e+01
7.028466666666665219e+01
7.032399999999999807e+01
7.037799999999998590e+01
7.040200000000000102e+01
7.044933333333334247e+01
7.048466666666666924e+01
7.052333333333331211e+01
7.056199999999996919e+01
7.058200000000000784e+01
7.061400000000000432e+01
7.063000000000000966e+01
7.068466666666670051e+01
7.071066666666668254e+01
7.072733333333333405e+01
7.075199999999999534e+01
7.077399999999998670e+01
7.079666666666665265e+01
7.080142857142855917e+01
7.082000000000000739e+01
7.084133333333333837e+01
7.085733333333334372e+01
7.086266666666666936e+01
7.086799999999999500e+01
7.087533333333334440e+01
7.089600000000000080e+01
7.090933333333332200e+01
7.091733333333331757e+01
7.093066666666666720e+01
7.092599999999998772e+01
7.094066666666667231e+01
7.093599999999997863e+01
7.094266666666666765e+01
7.094266666666666765e+01
7.095400000000000773e+01
7.096800000000000352e+01
7.096399999999999864e+01
7.098066666666665014e+01
7.102199999999999136e+01
7.107066666666666777e+01
7.111599999999999966e+01
7.117199999999999704e+01
7.123266666666667390e+01
7.128066666666664730e+01
7.132466666666667265e+01
7.135200000000000387e+01
7.137714285714285722e+01
7.139666666666667538e+01
7.142866666666667186e+01
7.145000000000001705e+01
7.142799999999998306e+01
7.138066666666667004e+01
7.132866666666663491e+01
7.125400000000000489e+01
7.116933333333332712e+01
7.107866666666667754e+01
7.098866666666665992e+01
7.089933333333333110e+01
7.084000000000000341e+01
7.078866666666665708e+01
7.075199999999999534e+01
7.071333333333335247e+01
7.068400000000001171e+01
7.060999999999998522e+01
7.056399999999997874e+01
7.049933333333333962e+01
7.043599999999999284e+01
7.036466666666666470e+01
7.029733333333332723e+01
7.022266666666668300e+01
7.016133333333331734e+01
7.009333333333331950e+01
7.003399999999997760e+01
6.999933333333333962e+01
6.997600000000001330e+01
6.995866666666665878e+01
6.994266666666665344e+01
6.991071428571426338e+01
6.987571428571428100e+01
6.983866666666666845e+01
6.981999999999997897e+01
6.980666666666664355e+01
6.978666666666664753e+01
6.979066666666663821e+01
6.981199999999996919e+01
6.983866666666668266e+01
6.988400000000000034e+01
6.993000000000002103e+01
6.998333333333333428e+01
7.002933333333332655e+01
7.005733333333333235e+01
7.010400000000001342e+01
7.015333333333333599e+01
7.019533333333335179e+01
7.021266666666666367e+01
7.023066666666666436e+01
7.025866666666665594e+01
7.026733333333332610e+01
7.028599999999998715e+01
7.030599999999999739e+01
7.029933333333332257e+01
7.030866666666665310e+01
7.030866666666663889e+01
7.029666666666665265e+01
7.030466666666666242e+01
7.029266666666664776e+01
7.029666666666665265e+01
7.029066666666663821e+01
7.028333333333331723e+01
7.027399999999998670e+01
7.025666666666666060e+01
7.025133333333333496e+01
7.023466666666668345e+01
7.022200000000000841e+01
7.020066666666667743e+01
7.020333333333334735e+01
7.018000000000002103e+01
7.017866666666668607e+01
7.015399999999999636e+01
7.013000000000000966e+01
7.012000000000001876e+01
7.009733333333333860e+01
7.008399999999998897e+01
7.005133333333331791e+01
7.002599999999999625e+01
6.996866666666667811e+01
6.988599999999999568e+01
6.977533333333333587e+01
6.965933333333332200e+01
6.952066666666665640e+01
6.941599999999999682e+01
6.928533333333332678e+01
6.922200000000000841e+01
6.919666666666667254e+01
6.922800000000000864e+01
6.926799999999998647e+01
6.935133333333332928e+01
6.946533333333333360e+01
6.958400000000000318e+01
6.971599999999999397e+01
6.981533333333332791e+01
6.993933333333333735e+01
7.004199999999997317e+01
7.014466666666666583e+01
7.022199999999999420e+01
7.026933333333333564e+01
7.028266666666665685e+01
7.026933333333333564e+01
7.026466666666667038e+01
7.021800000000001774e+01
7.017466666666668118e+01
7.010466666666665958e+01
7.005333333333331325e+01
7.000866666666667015e+01
6.996533333333334781e+01
6.991333333333332689e+01
6.984733333333333860e+01
6.977399999999998670e+01
6.972266666666668300e+01
6.965200000000000102e+01
6.955333333333331325e+01
6.946466666666667322e+01
6.939733333333333576e+01
6.930666666666664355e+01
6.924466666666667436e+01
6.921000000000000796e+01
6.918466666666664366e+01
6.915266666666666140e+01
6.913533333333334951e+01
6.911933333333332996e+01
6.910933333333332484e+01
6.908933333333332882e+01
6.906533333333331370e+01
6.905733333333334656e+01
6.904533333333333189e+01
6.905000000000001137e+01
6.906533333333332791e+01
6.907866666666667754e+01
6.910200000000001808e+01
6.913333333333333997e+01
6.919066666666667231e+01
6.925266666666666993e+01
6.933733333333333348e+01
6.943933333333333735e+01
6.952399999999997249e+01
6.961866666666666958e+01
6.970800000000001262e+01
6.977533333333332166e+01
6.986933333333332996e+01
6.993533333333334667e+01
7.000666666666666060e+01
7.007333333333333769e+01
7.012066666666666492e+01
7.018200000000001637e+01
7.023000000000000398e+01
7.026466666666665617e+01
7.029799999999998761e+01
7.032266666666666310e+01
7.035600000000000875e+01
7.037066666666666492e+01
7.037400000000000944e+01
7.040599999999999170e+01
7.041133333333333155e+01
7.042800000000001148e+01
7.042400000000000659e+01
7.041266666666666652e+01
7.041266666666666652e+01
7.039933333333333110e+01
7.040666666666668050e+01
7.038333333333333997e+01
7.037333333333332064e+01
7.035866666666667868e+01
7.033933333333332882e+01
7.032399999999998386e+01
7.030599999999998317e+01
7.028999999999999204e+01
7.027799999999999159e+01
7.026533333333331655e+01
7.023533333333332962e+01
7.021733333333334315e+01
7.020200000000001239e+01
7.017600000000000193e+01
7.015133333333331223e+01
7.012733333333335395e+01
7.010266666666665003e+01
7.007499999999998863e+01
7.005266666666666708e+01
7.003199999999998226e+01
7.001533333333333076e+01
7.000066666666666038e+01
6.998266666666668812e+01
6.997333333333334338e+01
6.995400000000002194e+01
6.993800000000003081e+01
6.992000000000000171e+01
6.990599999999999170e+01
6.989799999999998192e+01
6.987733333333333974e+01
6.985533333333333417e+01
6.983333333333334281e+01
6.982933333333333792e+01
6.982333333333332348e+01
6.980466666666666242e+01
6.980799999999997851e+01
6.980133333333330370e+01
6.980333333333331325e+01
6.980399999999998784e+01
6.979866666666664798e+01
6.979666666666663843e+01
6.980666666666664355e+01
6.981333333333331836e+01
6.983533333333333815e+01
6.985666666666665492e+01
6.988933333333332598e+01
6.992933333333334645e+01
6.995333333333334735e+01
6.999466666666667436e+01
7.003133333333332189e+01
7.007866666666667754e+01
7.015733333333335509e+01
7.021733333333332894e+01
7.030466666666667663e+01
7.040200000000001523e+01
7.050733333333332098e+01
7.061866666666668380e+01
7.074599999999999511e+01
7.086333333333332973e+01
7.097733333333333405e+01
7.108999999999998920e+01
7.118666666666668164e+01
7.131533333333335634e+01
7.140200000000001523e+01
7.149933333333332541e+01
7.157999999999999829e+01
7.165133333333331223e+01
7.171200000000000330e+01
7.178266666666665685e+01
7.182733333333332837e+01
7.188066666666667004e+01
7.191199999999999193e+01
7.194533333333335179e+01
7.196733333333334315e+01
7.199466666666667436e+01
7.201800000000000068e+01
7.202666666666665662e+01
7.202799999999999159e+01
7.203866666666664287e+01
7.202599999999999625e+01
7.201266666666667504e+01
7.200199999999999534e+01
7.199733333333333007e+01
7.198333333333333428e+01
7.195000000000000284e+01
7.194400000000000261e+01
7.192333333333333201e+01
7.189733333333332155e+01
7.186866666666668380e+01
7.184066666666666379e+01
7.181333333333331836e+01
7.179133333333332700e+01
7.174733333333333007e+01
7.171466666666668743e+01
7.167933333333333223e+01
7.164733333333333576e+01
7.162533333333334440e+01
7.158400000000000318e+01
7.155866666666663889e+01
7.152666666666665662e+01
7.150066666666666038e+01
7.145066666666666322e+01
7.142000000000000171e+01
7.137800000000000011e+01
7.134600000000000364e+01
7.130799999999997851e+01
7.127599999999999625e+01
7.125933333333334474e+01
7.122000000000001307e+01
7.116066666666665697e+01
7.113333333333333997e+01
7.109866666666667356e+01
7.107333333333332348e+01
7.104666666666665265e+01
7.100133333333333496e+01
7.097800000000000864e+01
7.094866666666666788e+01
7.089666666666666117e+01
7.085800000000000409e+01
7.082866666666664912e+01
7.079400000000001114e+01
7.076399999999999579e+01
7.073800000000001376e+01
7.070400000000002194e+01
7.066266666666666652e+01
7.062399999999999523e+01
7.057999999999999829e+01
7.055799999999997851e+01
7.052733333333331700e+01
7.048666666666667879e+01
7.045733333333335224e+01
7.043133333333331336e+01
7.038666666666667027e+01
7.035466666666665958e+01
7.033733333333331927e+01
7.030733333333331814e+01
7.028199999999998226e+01
7.026600000000000534e+01
7.025399999999999068e+01
7.023666666666667879e+01
7.022200000000000841e+01
7.022133333333334804e+01
7.021000000000000796e+01
7.022333333333334338e+01
7.023933333333334872e+01
7.025266666666666993e+01
7.027133333333331677e+01
7.028399999999997760e+01
7.030666666666665776e+01
7.033533333333333815e+01
7.037533333333333019e+01
7.042400000000002080e+01
7.047000000000001307e+01
7.051466666666665617e+01
7.055733333333333235e+01
7.059466666666666868e+01
7.065133333333334065e+01
7.070333333333334735e+01
7.074733333333331586e+01
7.080066666666665753e+01
7.082066666666668198e+01
7.086266666666666936e+01
7.088933333333331177e+01
7.093133333333331336e+01
7.095466666666668232e+01
7.097733333333333405e+01
7.100066666666666038e+01
7.100333333333333030e+01
7.101666666666665151e+01
7.102199999999999136e+01
7.102999999999998693e+01
7.102399999999998670e+01
7.100399999999999068e+01
7.100666666666666060e+01
7.098933333333334872e+01
7.096200000000000330e+01
7.093866666666666276e+01
7.091799999999999216e+01
7.088666666666664185e+01
7.086533333333333928e+01
7.084400000000000830e+01
7.080866666666665310e+01
7.076800000000000068e+01
7.073714285714287087e+01
7.070533333333335690e+01
7.065933333333332200e+01
7.061866666666668380e+01
7.058266666666665401e+01
7.054666666666665265e+01
7.050933333333334474e+01
7.046266666666669209e+01
7.042466666666668118e+01
7.037866666666666049e+01
7.032199999999997431e+01
7.029066666666663821e+01
7.024466666666667436e+01
7.020133333333335202e+01
7.017000000000000171e+01
7.010666666666666913e+01
7.006866666666662979e+01
7.002333333333332632e+01
6.997733333333333405e+01
6.995133333333335202e+01
6.990133333333331223e+01
6.984466666666666868e+01
6.980533333333330859e+01
6.977066666666664219e+01
6.974933333333333962e+01
6.970133333333333781e+01
6.967533333333332735e+01
6.965066666666666606e+01
6.960333333333332462e+01
6.957066666666666777e+01
6.959000000000000341e+01
6.963466666666666072e+01
6.969266666666666765e+01
6.976733333333331188e+01
6.986199999999999477e+01
6.997066666666665924e+01
7.005599999999999739e+01
7.017733333333335111e+01
7.028599999999998715e+01
7.038799999999999102e+01
7.050733333333332098e+01
7.060266666666666424e+01
7.073066666666666436e+01
7.079666666666663843e+01
7.085133333333332928e+01
7.092599999999998772e+01
7.098133333333333894e+01
7.102066666666665640e+01
7.107000000000000739e+01
7.109000000000000341e+01
7.111733333333333462e+01
7.115133333333332644e+01
7.115399999999999636e+01
7.113066666666667004e+01
7.110666666666666913e+01
7.107866666666667754e+01
7.103399999999997760e+01
7.099066666666666947e+01
7.091066666666665697e+01
7.085333333333333883e+01
7.079333333333333655e+01
7.071533333333334781e+01
7.060600000000000875e+01
7.052266666666666595e+01
7.044333333333335645e+01
7.035733333333332951e+01
7.027999999999998693e+01
7.021333333333335247e+01
7.015599999999999170e+01
7.007533333333331882e+01
7.002733333333331700e+01
6.996733333333334315e+01
6.989266666666665628e+01
6.980666666666665776e+01
6.974066666666666947e+01
6.967866666666665765e+01
6.964733333333333576e+01
6.965666666666666629e+01
6.969666666666668675e+01
6.973399999999999466e+01
6.977733333333331700e+01
6.984533333333334326e+01
6.993933333333333735e+01
7.000600000000000023e+01
7.007533333333331882e+01
7.015733333333334087e+01
7.021800000000001774e+01
7.027866666666665196e+01
7.032866666666667754e+01
7.040071428571428669e+01
7.045533333333334269e+01
7.049866666666666504e+01
7.055933333333331348e+01
7.059200000000001296e+01
7.062266666666667447e+01
7.067266666666667163e+01
7.071200000000001751e+01
7.073399999999999466e+01
7.076533333333331655e+01
7.079400000000001114e+01
7.082066666666668198e+01
7.084066666666666379e+01
7.086799999999999500e+01
7.088266666666665117e+01
7.089733333333332155e+01
7.091599999999998261e+01
7.093733333333334201e+01
7.095066666666666322e+01
7.097066666666667345e+01
7.098600000000000421e+01
7.098666666666666458e+01
7.099733333333333007e+01
7.099666666666666970e+01
7.100866666666665594e+01
7.100666666666666060e+01
7.101133333333332587e+01
7.101666666666666572e+01
7.101800000000000068e+01
7.096533333333333360e+01
7.089266666666667049e+01
7.082599999999999341e+01
7.074933333333333962e+01
7.065466666666667095e+01
7.055999999999998806e+01
7.047266666666669721e+01
7.043066666666666720e+01
7.043400000000001171e+01
7.047333333333334338e+01
7.052933333333331234e+01
7.061266666666666936e+01
7.069933333333332826e+01
7.080333333333331325e+01
7.088666666666664185e+01
7.095533333333334269e+01
7.099933333333333962e+01
7.100399999999999068e+01
7.101333333333332121e+01
7.102133333333333098e+01
7.103599999999998715e+01
7.102266666666666595e+01
7.099866666666666504e+01
7.092799999999998306e+01
7.086466666666666470e+01
7.080133333333333212e+01
7.073066666666667857e+01
7.063799999999999102e+01
7.056399999999999295e+01
7.049266666666667902e+01
7.042000000000000171e+01
7.034000000000000341e+01
7.029266666666666197e+01
7.023800000000001376e+01
7.018066666666665299e+01
7.009666666666664980e+01
7.001200000000000045e+01
6.993666666666666742e+01
6.983733333333333348e+01
6.977066666666665640e+01
6.972000000000001307e+01
6.966999999999998749e+01
6.962800000000000011e+01
6.956666666666666288e+01
6.952866666666665196e+01
6.949600000000000932e+01
6.946466666666668743e+01
6.944133333333334690e+01
6.941733333333333178e+01
6.939199999999999591e+01
6.938733333333333064e+01
6.940799999999998704e+01
6.941599999999999682e+01
6.944066666666668652e+01
6.947933333333334360e+01
6.951733333333331188e+01
6.957133333333334235e+01
6.965999999999999659e+01
6.971866666666667811e+01
6.978199999999998226e+01
6.987399999999999523e+01
6.995933333333333337e+01
7.000999999999999091e+01
7.008599999999999852e+01
7.016466666666670449e+01
7.022400000000000375e+01
7.028466666666665219e+01
7.034999999999999432e+01
7.040066666666666606e+01
7.045000000000001705e+01
7.051266666666666083e+01
7.055266666666663866e+01
7.059133333333332416e+01
7.062266666666666026e+01
7.065266666666667561e+01
7.068400000000001171e+01
7.072466666666667834e+01
7.074466666666667436e+01
7.076599999999999113e+01
7.077933333333332655e+01
7.080733333333334656e+01
7.081133333333333724e+01
7.082533333333334724e+01
7.083266666666668243e+01
7.083933333333334303e+01
7.085333333333332462e+01
7.085533333333333417e+01
7.085999999999999943e+01
7.086266666666666936e+01
7.085666666666665492e+01
7.086666666666666003e+01
7.086200000000000898e+01
7.086733333333334883e+01
7.085733333333334372e+01
7.085799999999998988e+01
7.085200000000000387e+01
7.085200000000000387e+01
7.083866666666668266e+01
7.083066666666667288e+01
7.081333333333333258e+01
7.076133333333332587e+01
7.069933333333332826e+01
7.060599999999999454e+01
7.057399999999999807e+01
7.059800000000001319e+01
7.067666666666667652e+01
7.076333333333332121e+01
7.085666666666666913e+01
7.090466666666665674e+01
7.095000000000001705e+01
7.092999999999999261e+01
7.088799999999999102e+01
7.087066666666666492e+01
7.088399999999998613e+01
7.090733333333332666e+01
7.093133333333334178e+01
7.093133333333335599e+01
7.092600000000000193e+01
7.088666666666667027e+01
7.086266666666666936e+01
7.082199999999998852e+01
7.075266666666666993e+01
7.067933333333333223e+01
7.060999999999999943e+01
7.057666666666666799e+01
7.057199999999997431e+01
7.056866666666664401e+01
7.055933333333331348e+01
7.056199999999996919e+01
7.056733333333333746e+01
7.058933333333334303e+01
7.060200000000000387e+01
7.060466666666665958e+01
7.060066666666666890e+01
7.058800000000000807e+01
7.057266666666666310e+01
7.055533333333330859e+01
7.051866666666666106e+01
7.048400000000000887e+01
7.045800000000002683e+01
7.041000000000001080e+01
7.034933333333334815e+01
7.030466666666664821e+01
7.028733333333333633e+01
7.025133333333333496e+01
7.021066666666668254e+01
7.018400000000001171e+01
7.013333333333333997e+01
7.008399999999998897e+01
7.004466666666664310e+01
7.003466666666665219e+01
7.002933333333332655e+01
7.004333333333332234e+01
7.005666666666665776e+01
7.008799999999999386e+01
7.012933333333332087e+01
7.017200000000001125e+01
7.020333333333334735e+01
7.023533333333334383e+01
7.028466666666665219e+01
7.032533333333331882e+01
7.036266666666666936e+01
7.041200000000000614e+01
7.044866666666668209e+01
7.047800000000000864e+01
7.052466666666666129e+01
7.055133333333331791e+01
7.059066666666667800e+01
7.062399999999999523e+01
7.066200000000000614e+01
7.069266666666668186e+01
7.072666666666667368e+01
7.074933333333333962e+01
7.077666666666665662e+01
7.080600000000001160e+01
7.081533333333335634e+01
7.083866666666668266e+01
7.085600000000000875e+01
7.086933333333332996e+01
7.088399999999998613e+01
7.089666666666666117e+01
7.091266666666665230e+01
7.091785714285713027e+01
7.093866666666666276e+01
7.093800000000000239e+01
7.094400000000000261e+01
7.095733333333333803e+01
7.095466666666668232e+01
7.096666666666668277e+01
7.097266666666668300e+01
7.097266666666668300e+01
7.096600000000002240e+01
7.097066666666667345e+01
7.096200000000000330e+01
7.095933333333333337e+01
7.095133333333333781e+01
7.094400000000000261e+01
7.092933333333333223e+01
7.093266666666666254e+01
7.094733333333333292e+01
7.099399999999998556e+01
7.107666666666666799e+01
7.118400000000001171e+01
7.130333333333332746e+01
7.142733333333333690e+01
7.154999999999999716e+01
7.162999999999998124e+01
7.166266666666665230e+01
7.169066666666667231e+01
7.173666666666666458e+01
7.177599999999999625e+01
7.177733333333331700e+01
7.175266666666666993e+01
7.171533333333333360e+01
7.166400000000000148e+01
7.161133333333333439e+01
7.153666666666666174e+01
7.146200000000000330e+01
7.137533333333334440e+01
7.128866666666665708e+01
7.118733333333332780e+01
7.110999999999999943e+01
7.103933333333333167e+01
7.097200000000000841e+01
7.085933333333333906e+01
7.075533333333333985e+01
7.065333333333333599e+01
7.055400000000000205e+01
7.047466666666667834e+01
7.038133333333333042e+01
7.029066666666666663e+01
7.022200000000000841e+01
7.013333333333333997e+01
7.003933333333333167e+01
6.994466666666667720e+01
6.982399999999999807e+01
6.971533333333333360e+01
6.960666666666665492e+01
6.952466666666667550e+01
6.945866666666667300e+01
6.941999999999998749e+01
6.940599999999999170e+01
6.940933333333332200e+01
6.941266666666665230e+01
6.942733333333332268e+01
6.945333333333334735e+01
6.947666666666667368e+01
6.951066666666665128e+01
6.956333333333333258e+01
6.964866666666665651e+01
6.973399999999999466e+01
6.980999999999998806e+01
6.989133333333333553e+01
6.996733333333332894e+01
7.004133333333332700e+01
7.012533333333333019e+01
7.021200000000001751e+01
7.026866666666664685e+01
7.032714285714286007e+01
7.041133333333333155e+01
7.046733333333332894e+01
7.053333333333331723e+01
7.057333333333330927e+01
7.062800000000000011e+01
7.068333333333335133e+01
7.072133333333334804e+01
7.076399999999998158e+01
7.079600000000000648e+01
7.082466666666667265e+01
7.084533333333334326e+01
7.088000000000000966e+01
7.088799999999999102e+01
7.092199999999999704e+01
7.095066666666667743e+01
7.098533333333332962e+01
7.099666666666666970e+01
7.100333333333333030e+01
7.101599999999999113e+01
7.103266666666665685e+01
7.105066666666665753e+01
7.105866666666665310e+01
7.106266666666667220e+01
7.108533333333335236e+01
7.108266666666668243e+01
7.108800000000000807e+01
7.109000000000000341e+01
7.110000000000000853e+01
7.111333333333332973e+01
7.111533333333333928e+01
7.111666666666666003e+01
7.112400000000000944e+01
7.113066666666667004e+01
7.112066666666666492e+01
7.112533333333334440e+01
7.112599999999999056e+01
7.112933333333333508e+01
7.117266666666668584e+01
7.125466666666666526e+01
7.135466666666667379e+01
7.144933333333332826e+01
7.153066666666664730e+01
7.157400000000001228e+01
7.157999999999999829e+01
7.157800000000001717e+01
7.154733333333332723e+01
7.151866666666666106e+01
7.143800000000001660e+01
7.135266666666667845e+01
7.125733333333333519e+01
7.114600000000000080e+01
7.107066666666666777e+01
7.103333333333333144e+01
7.101866666666666106e+01
7.097333333333334338e+01
7.092000000000000171e+01
7.086466666666666470e+01
7.081799999999999784e+01
7.076133333333334008e+01
7.071533333333333360e+01
7.062933333333333508e+01
7.058333333333330017e+01
7.053666666666666174e+01
7.046666666666668277e+01
7.038400000000000034e+01
7.032733333333332837e+01
7.028333333333331723e+01
7.022533333333335293e+01
7.018999999999999773e+01
7.013866666666666561e+01
7.009000000000000341e+01
7.005599999999998317e+01
7.001466666666667038e+01
6.998933333333334872e+01
6.995866666666668721e+01
6.992933333333333223e+01
6.988266666666667959e+01
6.983333333333332860e+01
6.981933333333331859e+01
6.980999999999998806e+01
6.979599999999997806e+01
6.979466666666664310e+01
6.980400000000000205e+01
6.980799999999997851e+01
6.982533333333331882e+01
6.985266666666667845e+01
6.991333333333332689e+01
6.993533333333336088e+01
6.996600000000002240e+01
6.999600000000000932e+01
7.002399999999997249e+01
7.006333333333331836e+01
7.010933333333332484e+01
7.014933333333333110e+01
7.018600000000000705e+01
7.021666666666668277e+01
7.025799999999999557e+01
7.028999999999999204e+01
7.032133333333331393e+01
7.034266666666667334e+01
7.038466666666666072e+01
7.042333333333334622e+01
7.044466666666669141e+01
7.047466666666667834e+01
7.050866666666665594e+01
7.054066666666663821e+01
7.056466666666665333e+01
7.058466666666666356e+01
7.061466666666666470e+01
7.064066666666666094e+01
7.067800000000002569e+01
7.070400000000000773e+01
7.073533333333332962e+01
7.073733333333332496e+01
7.077399999999997249e+01
7.078999999999999204e+01
7.081866666666668664e+01
7.084333333333333371e+01
7.085999999999998522e+01
7.087066666666666492e+01
7.090200000000000102e+01
7.091933333333332712e+01
7.094066666666665810e+01
7.097266666666668300e+01
7.098866666666665992e+01
7.100199999999999534e+01
7.102799999999999159e+01
7.103933333333333167e+01
7.106533333333332791e+01
7.107600000000000762e+01
7.108866666666668266e+01
7.110333333333332462e+01
7.111599999999999966e+01
7.113000000000000966e+01
7.113799999999997681e+01
7.115533333333333132e+01
7.115266666666666140e+01
7.118199999999998795e+01
7.119400000000001683e+01
7.120666666666667766e+01
7.122200000000000841e+01
7.122666666666667368e+01
7.125933333333334474e+01
7.125333333333333030e+01
7.125866666666667015e+01
7.127666666666665662e+01
7.128733333333330791e+01
7.130266666666666708e+01
7.132066666666666777e+01
7.134200000000001296e+01
7.135666666666665492e+01
7.138666666666667027e+01
7.141933333333332712e+01
7.146599999999999397e+01
7.150999999999999091e+01
7.155533333333330859e+01
7.159733333333333860e+01
7.163866666666666561e+01
7.168933333333333735e+01
7.174466666666666015e+01
7.179000000000000625e+01
7.184000000000000341e+01
7.189133333333332132e+01
7.193600000000000705e+01
7.198666666666666458e+01
7.203466666666665219e+01
7.207866666666667754e+01
7.211599999999999966e+01
7.215466666666665674e+01
7.217666666666667652e+01
7.221266666666666367e+01
7.224133333333334406e+01
7.226066666666665128e+01
7.231333333333331836e+01
7.233799999999999386e+01
7.235999999999999943e+01
7.238200000000000500e+01
7.240066666666665185e+01
7.242266666666667163e+01
7.243133333333337021e+01
7.245266666666667277e+01
7.246066666666668254e+01
7.246466666666668743e+01
7.247866666666666902e+01
7.248199999999999932e+01
7.248800000000001376e+01
7.251266666666667504e+01
7.251200000000000045e+01
7.251600000000000534e+01
7.252933333333332655e+01
7.252333333333332632e+01
7.252866666666665196e+01
7.252266666666666595e+01
7.252666666666665662e+01
7.251666666666666572e+01
7.251866666666664685e+01
7.250866666666665594e+01
7.250466666666666526e+01
7.250799999999999557e+01
7.249333333333333940e+01
7.249600000000000932e+01
7.248933333333334872e+01
7.247466666666667834e+01
7.247071428571429408e+01
7.245866666666667300e+01
7.245333333333334735e+01
7.244933333333334247e+01
7.243333333333333712e+01
7.241799999999999216e+01
7.240866666666664742e+01
7.241533333333333644e+01
7.238933333333334019e+01
7.237866666666667470e+01
7.236799999999999500e+01
7.235866666666667868e+01
7.234333333333333371e+01
7.232800000000000296e+01
7.231866666666664401e+01
7.229066666666663821e+01
7.228133333333332189e+01
7.225733333333333519e+01
7.223933333333334872e+01
7.221400000000001285e+01
7.221666666666668277e+01
7.219866666666668209e+01
7.219000000000001194e+01
7.218066666666668141e+01
7.217066666666666208e+01
7.214266666666667049e+01
7.213733333333333064e+01
7.211799999999999500e+01
7.210133333333332928e+01
7.209533333333334326e+01
7.208733333333334770e+01
7.206733333333332325e+01
7.205599999999999739e+01
7.203799999999999670e+01
7.201333333333333542e+01
7.199600000000000932e+01
7.197600000000001330e+01
7.196000000000002217e+01
7.195066666666664901e+01
7.193333333333332291e+01
7.191666666666665719e+01
7.190399999999999636e+01
7.189533333333334042e+01
7.187933333333333508e+01
7.186933333333332996e+01
7.184933333333333394e+01
7.183866666666666845e+01
7.182199999999997431e+01
7.181199999999996919e+01
7.180133333333331791e+01
7.178533333333331257e+01
7.177466666666666129e+01
7.177066666666665640e+01
7.175666666666666060e+01
7.174133333333334406e+01
7.172133333333334804e+01
7.171399999999999864e+01
7.171000000000000796e+01
7.169200000000000728e+01
7.167600000000000193e+01
7.168666666666665321e+01
7.165866666666666163e+01
7.164799999999998192e+01
7.164933333333333110e+01
7.164933333333333110e+01
7.162399999999999523e+01
7.163200000000000500e+01
7.162733333333332553e+01
7.161866666666668380e+01
7.161466666666665049e+01
7.161200000000000898e+01
7.160133333333331507e+01
7.159999999999999432e+01
7.159799999999999898e+01
7.159666666666666401e+01
7.158599999999999852e+01
7.157733333333334258e+01
7.157666666666666799e+01
7.156066666666666265e+01
7.155066666666665753e+01
7.154333333333332234e+01
7.153666666666666174e+01
7.152733333333331700e+01
7.151733333333332610e+01
7.149399999999999977e+01
7.147466666666667834e+01
7.144333333333332803e+01
7.141533333333333644e+01
7.139066666666667516e+01
7.136733333333334883e+01
7.134533333333334326e+01
7.131199999999996919e+01
7.129333333333333655e+01
7.125400000000000489e+01
7.123000000000000398e+01
7.118999999999999773e+01
7.115866666666667584e+01
7.112199999999999989e+01
7.109133333333333837e+01
7.107133333333332814e+01
7.102399999999998670e+01
7.099000000000000909e+01
7.093666666666668164e+01
7.090266666666664719e+01
7.086333333333332973e+01
7.082333333333332348e+01
7.078133333333333610e+01
7.075133333333333496e+01
7.070800000000002683e+01
7.065533333333333132e+01
7.060200000000000387e+01
7.056599999999998829e+01
7.053000000000000114e+01
7.048400000000000887e+01
7.045066666666669164e+01
7.039266666666665628e+01
7.035733333333332951e+01
7.031066666666664844e+01
7.027133333333333098e+01
7.025000000000000000e+01
7.019866666666668209e+01
7.018266666666667675e+01
7.020000000000001705e+01
7.023133333333333894e+01
7.030133333333331791e+01
7.039333333333334508e+01
7.050866666666667015e+01
7.062866666666667470e+01
7.076214285714286234e+01
7.085933333333333906e+01
7.092000000000000171e+01
7.099533333333332052e+01
7.106600000000001671e+01
7.112333333333332064e+01
7.117000000000000171e+01
7.116199999999999193e+01
7.116866666666668095e+01
7.113400000000001455e+01
7.110599999999999454e+01
7.110799999999998988e+01
7.110866666666667868e+01
7.113666666666667027e+01
7.118933333333333735e+01
7.124733333333331586e+01
7.129866666666666219e+01
7.133266666666668243e+01
7.131533333333332791e+01
7.129666666666665265e+01
7.124800000000001887e+01
7.115666666666666629e+01
7.111599999999999966e+01
7.113000000000000966e+01
7.115000000000000568e+01
7.115133333333332644e+01
7.114066666666667516e+01
7.111533333333333928e+01
7.110333333333333883e+01
7.106142857142855007e+01
7.101533333333333076e+01
7.092133333333332246e+01
7.088266666666665117e+01
7.087066666666666492e+01
7.090214285714283449e+01
7.093066666666666720e+01
7.092666666666666231e+01
7.090399999999999636e+01
7.087333333333332064e+01
7.088400000000000034e+01
7.090333333333333599e+01
7.097133333333334804e+01
7.101799999999998647e+01
7.109066666666667800e+01
7.115799999999998704e+01
7.124399999999998556e+01
7.128533333333331257e+01
7.128733333333333633e+01
7.126600000000000534e+01
7.129466666666667152e+01
7.133066666666667288e+01
7.134600000000000364e+01
7.136333333333331552e+01
7.140933333333333621e+01
7.147000000000001307e+01
7.147400000000000375e+01
7.146000000000002217e+01
7.145933333333336179e+01
7.148000000000000398e+01
7.151533333333331655e+01
7.153266666666665685e+01
7.150000000000000000e+01
7.152333333333332632e+01
7.155866666666663889e+01
7.159066666666667800e+01
7.158933333333334303e+01
7.157333333333333769e+01
7.159200000000001296e+01
7.162466666666665560e+01
7.165999999999999659e+01
7.171866666666667811e+01
7.177199999999999136e+01
7.179666666666663843e+01
7.180266666666666708e+01
7.178933333333331746e+01
7.181999999999999318e+01
7.184066666666667800e+01
7.183600000000001273e+01
7.178933333333333167e+01
7.173800000000001376e+01
7.172533333333333871e+01
7.174466666666666015e+01
7.176133333333332587e+01
7.173600000000001842e+01
7.168466666666667209e+01
7.171066666666666833e+01
7.174666666666666970e+01
7.178466666666666640e+01
7.179333333333330813e+01
7.177199999999999136e+01
7.177199999999999136e+01
7.179733333333332723e+01
7.183533333333335236e+01
7.185399999999999920e+01
7.184133333333333837e+01
7.180333333333331325e+01
7.175999999999999091e+01
7.177066666666665640e+01
7.179199999999997317e+01
7.183533333333335236e+01
7.184799999999999898e+01
7.183600000000001273e+01
7.181933333333333280e+01
7.178266666666665685e+01
7.172133333333333383e+01
7.166999999999998749e+01
7.161266666666666936e+01
7.157199999999998852e+01
7.152199999999999136e+01
7.147133333333334804e+01
7.141199999999999193e+01
7.137133333333332530e+01
7.131199999999998340e+01
7.125133333333334917e+01
7.120199999999999818e+01
7.114333333333334508e+01
7.110999999999999943e+01
7.108666666666665890e+01
7.105533333333332280e+01
7.103266666666665685e+01
7.102866666666665196e+01
7.102133333333331677e+01
7.101866666666666106e+01
7.100066666666666038e+01
7.098333333333333428e+01
7.094666666666667254e+01
7.087866666666666049e+01
7.080933333333332769e+01
7.074266666666667902e+01
7.068200000000000216e+01
7.060200000000000387e+01
7.054866666666664798e+01
7.048400000000000887e+01
7.042199999999999704e+01
7.033999999999997499e+01
7.028733333333333633e+01
7.026599999999999113e+01
7.028533333333331257e+01
7.034133333333332416e+01
7.044933333333332826e+01
7.057400000000001228e+01
7.072399999999998954e+01
7.085933333333333906e+01
7.101066666666665128e+01
