7.807999999999999829e+01
7.643999999999999773e+01
7.498000000000000398e+01
7.373999999999999488e+01
7.290999999999999659e+01
7.218999999999999773e+01
7.167000000000000171e+01
7.132999999999999829e+01
7.104000000000000625e+01
7.076999999999999602e+01
7.050000000000000000e+01
7.029000000000000625e+01
7.015999999999999659e+01
7.000000000000000000e+01
6.979999999999999716e+01
6.964000000000000057e+01
6.953000000000000114e+01
6.937000000000000455e+01
6.918999999999999773e+01
6.903000000000000114e+01
6.884999999999999432e+01
6.882999999999999829e+01
6.860999999999999943e+01
6.851999999999999602e+01
6.859000000000000341e+01
6.850000000000000000e+01
6.840999999999999659e+01
6.834000000000000341e+01
6.820000000000000284e+01
6.820000000000000284e+01
6.821999999999999886e+01
6.815999999999999659e+01
6.815999999999999659e+01
6.815999999999999659e+01
6.809000000000000341e+01
6.806999999999999318e+01
6.809000000000000341e+01
6.814000000000000057e+01
6.804999999999999716e+01
6.804000000000000625e+01
6.804000000000000625e+01
6.798000000000000398e+01
6.798000000000000398e+01
6.793000000000000682e+01
6.785999999999999943e+01
6.784000000000000341e+01
6.785999999999999943e+01
6.785999999999999943e+01
6.784000000000000341e+01
6.790999999999999659e+01
6.929999999999999716e+01
7.187000000000000455e+01
7.403000000000000114e+01
7.565000000000000568e+01
7.684000000000000341e+01
7.782999999999999829e+01
7.842000000000000171e+01
7.864000000000000057e+01
7.900000000000000000e+01
7.954000000000000625e+01
7.975000000000000000e+01
7.990000000000000568e+01
8.001999999999999602e+01
8.009999999999999432e+01
8.040000000000000568e+01
8.056000000000000227e+01
8.062000000000000455e+01
8.073999999999999488e+01
8.081999999999999318e+01
8.087000000000000455e+01
8.089000000000000057e+01
7.970000000000000284e+01
7.729000000000000625e+01
7.568999999999999773e+01
7.431999999999999318e+01
7.318000000000000682e+01
7.218999999999999773e+01
7.132999999999999829e+01
7.070000000000000284e+01
7.036199999999999477e+01
7.013466666666666072e+01
7.192571428571429237e+01
7.389733333333333576e+01
7.557500000000000284e+01
7.675333333333334451e+01
7.763933333333332598e+01
7.820866666666665878e+01
7.887933333333333508e+01
7.946200000000000330e+01
7.993599999999999284e+01
8.032800000000000296e+01
8.057199999999998852e+01
7.859866666666667356e+01
7.672866666666666902e+01
7.531466666666666754e+01
7.410200000000001808e+01
7.311400000000000432e+01
7.225133333333333496e+01
7.150066666666666038e+01
7.084333333333331950e+01
7.028600000000000136e+01
6.983866666666666845e+01
6.956333333333333258e+01
6.929066666666666663e+01
6.911600000000001387e+01
6.897866666666665481e+01
6.890399999999999636e+01
6.882133333333334235e+01
6.874666666666666970e+01
6.868399999999999750e+01
6.865666666666668050e+01
6.865333333333333599e+01
6.860533333333334838e+01
6.851333333333334963e+01
6.844333333333334224e+01
6.844666666666667254e+01
6.844000000000001194e+01
6.842071428571428271e+01
6.837666666666667936e+01
6.837199999999999989e+01
6.838400000000000034e+01
6.835533333333333417e+01
6.828400000000000603e+01
6.820866666666667300e+01
6.814866666666665651e+01
6.812266666666666026e+01
6.811266666666665515e+01
6.804133333333332700e+01
6.796866666666667811e+01
6.793066666666668141e+01
6.789600000000001501e+01
6.783866666666666845e+01
6.775399999999999068e+01
6.774133333333334406e+01
6.764333333333334508e+01
6.757599999999999341e+01
6.758999999999998920e+01
6.758333333333330017e+01
6.760399999999999920e+01
6.763133333333334463e+01
6.761199999999999477e+01
6.751200000000000045e+01
6.735333333333332462e+01
6.718066666666666720e+01
6.700866666666667015e+01
6.671533333333331939e+01
6.660066666666665469e+01
6.684266666666665913e+01
6.913200000000000500e+01
7.156533333333331370e+01
7.347666666666667368e+01
7.485533333333333417e+01
7.615199999999998681e+01
7.692133333333335088e+01
7.749333333333333940e+01
7.791200000000000614e+01
7.816933333333331291e+01
7.862428571428571900e+01
7.899333333333332519e+01
7.930800000000002115e+01
7.956466666666668175e+01
7.989666666666666117e+01
8.034199999999999875e+01
8.074533333333332052e+01
8.099866666666666504e+01
8.132466666666665844e+01
8.155533333333332280e+01
8.162133333333333951e+01
8.004600000000000648e+01
7.766599999999999682e+01
7.598666666666666458e+01
7.458466666666666356e+01
7.336500000000000909e+01
7.230666666666665776e+01
7.147466666666666413e+01
7.216333333333334110e+01
7.313133333333333042e+01
7.465933333333332200e+01
7.621333333333332405e+01
7.735800000000000409e+01
7.830733333333334656e+01
7.899785714285714278e+01
7.958533333333333815e+01
8.003266666666668527e+01
8.036266666666666936e+01
8.065399999999999636e+01
8.087466666666665560e+01
8.112866666666667470e+01
8.121200000000000330e+01
8.133066666666664446e+01
8.142866666666668607e+01
8.150266666666666993e+01
8.153866666666665708e+01
8.153933333333331746e+01
7.983333333333331439e+01
7.753400000000000603e+01
7.585133333333332928e+01
7.454600000000000648e+01
7.341714285714284927e+01
7.275533333333332564e+01
7.220333333333334735e+01
7.161933333333334417e+01
7.116399999999998727e+01
7.075600000000000023e+01
7.049200000000001864e+01
7.024200000000000443e+01
6.999666666666668391e+01
6.979133333333332700e+01
6.955066666666667174e+01
6.931466666666665333e+01
6.912199999999999989e+01
6.893000000000000682e+01
6.876428571428571956e+01
6.863266666666667959e+01
6.848000000000001819e+01
6.838071428571429067e+01
6.826866666666666106e+01
6.814533333333334042e+01
6.806466666666666754e+01
6.798400000000000887e+01
6.786466666666666470e+01
6.778600000000000136e+01
6.773399999999999466e+01
6.771733333333334315e+01
6.762714285714285722e+01
6.760928571428571843e+01
6.762066666666666492e+01
6.761599999999999966e+01
6.761866666666665537e+01
6.755999999999998806e+01
6.749666666666666970e+01
6.748199999999999932e+01
6.746866666666666390e+01
6.741199999999999193e+01
6.735199999999998965e+01
6.723799999999999955e+01
6.717399999999999238e+01
6.706199999999998340e+01
6.709466666666666868e+01
6.713200000000000500e+01
6.707866666666667754e+01
6.691785714285713027e+01
6.690866666666666163e+01
6.673142857142856599e+01
6.663533333333332109e+01
6.798142857142856599e+01
6.988066666666667004e+01
7.136333333333331552e+01
7.251800000000000068e+01
7.335066666666665469e+01
7.406466666666665333e+01
7.532999999999999829e+01
7.640333333333335020e+01
7.716533333333333644e+01
7.778066666666664730e+01
7.832799999999998875e+01
7.873266666666664548e+01
7.884466666666668289e+01
7.900733333333330677e+01
7.918933333333332314e+01
7.928199999999998226e+01
7.940399999999999636e+01
7.946933333333332428e+01
7.972399999999998954e+01
7.967733333333333690e+01
7.736599999999998545e+01
7.529466666666667152e+01
7.365399999999999636e+01
7.345666666666667766e+01
7.508733333333333348e+01
7.629999999999999716e+01
7.729800000000000182e+01
7.817199999999999704e+01
7.887800000000000011e+01
7.947733333333333405e+01
7.992933333333333223e+01
8.031133333333333724e+01
8.063933333333332598e+01
8.097666666666665947e+01
8.120199999999999818e+01
8.119333333333332803e+01
7.898461538461536691e+01
7.693357142857142605e+01
7.550333333333334451e+01
7.424199999999999022e+01
7.333200000000000784e+01
7.291000000000001080e+01
7.270733333333333803e+01
7.268933333333332314e+01
7.262200000000002831e+01
7.246933333333332428e+01
7.236599999999999966e+01
7.227733333333335963e+01
7.218266666666666254e+01
7.189600000000000080e+01
7.148266666666664548e+01
7.122733333333333405e+01
7.099266666666667902e+01
7.071333333333333826e+01
7.051933333333333564e+01
7.031999999999999318e+01
7.013466666666666072e+01
7.004199999999998738e+01
6.994399999999998840e+01
6.974666666666666970e+01
6.954133333333332700e+01
6.937533333333333019e+01
6.914199999999999591e+01
6.896200000000000330e+01
6.884799999999999898e+01
6.871933333333332428e+01
6.860199999999998965e+01
6.846133333333334292e+01
6.831400000000000716e+01
6.819933333333332826e+01
6.811600000000001387e+01
6.804599999999999227e+01
6.790733333333332666e+01
6.775933333333335895e+01
6.768933333333333735e+01
6.759999999999999432e+01
6.754133333333332700e+01
6.746199999999998909e+01
6.742933333333331802e+01
6.740199999999998681e+01
6.737399999999999523e+01
6.734066666666667800e+01
6.728066666666664730e+01
6.723133333333332473e+01
6.711266666666666936e+01
6.700928571428570990e+01
6.692266666666665742e+01
6.685266666666667845e+01
6.684999999999999432e+01
6.677000000000001023e+01
6.670866666666667300e+01
6.661533333333333928e+01
6.653866666666665708e+01
6.646866666666666390e+01
6.641866666666666674e+01
6.629333333333333655e+01
6.625733333333330677e+01
6.622866666666668323e+01
6.615133333333332644e+01
6.608999999999998920e+01
6.606799999999999784e+01
6.600266666666666993e+01
6.592733333333333690e+01
6.588266666666666538e+01
6.588599999999999568e+01
6.580933333333331348e+01
6.572066666666667345e+01
6.559866666666665935e+01
6.554571428571428271e+01
6.540866666666666163e+01
6.527999999999998693e+01
6.522333333333332916e+01
6.506266666666665799e+01
6.497399999999998954e+01
6.482000000000000739e+01
6.467933333333333223e+01
6.462533333333334440e+01
6.445333333333333314e+01
6.418285714285714505e+01
6.394066666666667231e+01
6.372866666666666902e+01
6.360666666666666202e+01
6.355333333333333456e+01
6.356571428571429294e+01
6.348666666666666458e+01
6.346066666666666123e+01
6.352999999999999403e+01
6.365933333333332911e+01
6.374000000000000909e+01
6.386266666666666936e+01
6.407642857142857906e+01
6.423733333333333917e+01
6.436466666666666470e+01
6.446200000000000330e+01
6.457266666666667732e+01
6.467800000000001148e+01
6.477066666666665640e+01
6.495600000000000307e+01
6.509933333333331973e+01
6.518466666666668630e+01
6.527666666666665662e+01
6.533533333333333815e+01
6.539799999999998192e+01
6.544400000000000261e+01
6.549733333333333007e+01
6.553666666666666174e+01
6.558133333333333326e+01
6.560733333333332951e+01
6.565714285714285836e+01
6.572199999999999420e+01
6.570200000000002660e+01
6.572133333333333383e+01
6.575866666666665594e+01
6.577733333333331700e+01
6.579999999999999716e+01
6.589666666666667538e+01
6.595133333333333781e+01
6.599133333333334406e+01
6.599733333333333007e+01
6.603666666666664753e+01
6.599928571428571900e+01
6.598400000000000887e+01
6.598866666666665992e+01
6.592933333333333223e+01
6.596600000000002240e+01
6.593800000000001660e+01
6.594466666666667720e+01
6.596600000000000819e+01
6.594666666666667254e+01
6.593200000000001637e+01
6.586799999999999500e+01
6.586999999999999034e+01
6.591400000000001569e+01
6.597466666666667834e+01
6.596066666666666833e+01
6.592133333333332246e+01
6.584799999999998477e+01
6.582733333333331416e+01
6.581999999999997897e+01
6.585799999999998988e+01
6.580533333333330859e+01
6.583466666666666356e+01
6.583399999999998897e+01
6.582066666666666777e+01
6.579933333333332257e+01
6.580199999999997829e+01
6.574866666666666504e+01
6.574133333333332985e+01
6.574399999999999977e+01
6.572800000000000864e+01
6.572200000000002262e+01
6.572200000000000841e+01
6.573333333333332007e+01
6.571533333333334781e+01
6.570333333333333314e+01
6.567800000000001148e+01
6.567933333333333223e+01
6.554666666666666686e+01
6.556933333333333280e+01
6.556933333333331859e+01
6.560000000000000853e+01
6.552400000000000091e+01
6.551928571428570081e+01
6.537666666666663673e+01
6.527466666666667550e+01
6.515533333333333132e+01
6.506733333333332325e+01
6.496666666666668277e+01
6.487266666666667447e+01
6.484933333333334815e+01
6.478800000000001091e+01
6.472266666666668300e+01
6.469533333333333758e+01
6.463400000000000034e+01
6.453666666666667595e+01
6.443466666666667209e+01
6.429533333333333189e+01
6.416400000000001569e+01
6.408933333333332882e+01
6.408733333333333348e+01
6.414066666666666094e+01
6.407999999999999829e+01
6.408266666666666822e+01
6.402714285714286291e+01
6.403200000000001069e+01
6.408600000000001273e+01
6.417999999999999261e+01
6.438866666666666561e+01
6.461533333333333928e+01
6.483733333333331927e+01
6.496866666666667811e+01
6.512785714285713823e+01
6.522733333333331984e+01
6.533133333333334747e+01
6.542800000000001148e+01
6.551066666666665128e+01
6.557999999999999829e+01
6.563466666666666072e+01
6.569000000000001194e+01
6.579933333333333678e+01
6.588599999999999568e+01
6.593600000000000705e+01
6.597466666666667834e+01
6.599066666666666947e+01
6.597714285714286575e+01
6.598733333333333917e+01
6.605533333333332280e+01
6.611133333333333439e+01
6.606733333333333746e+01
6.607933333333332371e+01
6.606466666666665333e+01
6.605399999999998784e+01
6.603933333333333167e+01
6.604399999999996851e+01
6.606066666666664844e+01
6.604133333333332700e+01
6.601333333333332121e+01
6.599666666666666970e+01
6.606666666666666288e+01
6.617600000000001614e+01
6.616266666666666652e+01
6.610866666666666447e+01
6.609142857142856542e+01
6.616866666666666674e+01
6.615785714285713937e+01
6.612666666666667936e+01
6.616400000000000148e+01
6.613733333333333064e+01
6.610333333333332462e+01
6.601000000000000512e+01
6.602400000000000091e+01
6.604066666666666663e+01
6.601714285714287200e+01
6.596466666666667322e+01
6.586933333333332996e+01
6.583133333333331905e+01
6.576200000000000045e+01
6.575199999999999534e+01
6.576200000000000045e+01
6.569333333333332803e+01
6.564533333333334042e+01
6.556066666666666265e+01
6.554533333333331768e+01
6.560666666666665492e+01
6.573733333333332496e+01
6.557466666666665844e+01
6.549066666666666947e+01
6.598866666666667413e+01
6.804333333333333655e+01
6.970666666666667766e+01
7.095733333333333803e+01
7.183400000000001739e+01
7.248733333333333917e+01
7.304066666666668084e+01
7.345399999999999352e+01
7.395866666666667300e+01
7.443466666666667209e+01
7.459800000000001319e+01
7.480466666666666242e+01
7.506999999999999318e+01
7.501600000000000534e+01
7.482733333333332837e+01
7.487866666666666049e+01
7.497333333333332916e+01
7.514866666666667072e+01
7.537266666666666026e+01
7.559400000000000830e+01
7.567200000000002547e+01
7.569066666666667231e+01
7.573333333333332007e+01
7.541733333333333178e+01
7.517999999999999261e+01
7.504333333333332234e+01
7.495199999999999818e+01
7.484066666666666379e+01
7.483333333333332860e+01
7.477133333333333098e+01
7.469785714285714562e+01
7.468200000000001637e+01
7.463599999999999568e+01
7.456933333333331859e+01
7.458214285714286973e+01
7.461533333333333928e+01
7.465642857142857736e+01
7.468800000000001660e+01
7.475533333333332564e+01
7.420066666666666322e+01
7.247866666666666902e+01
7.136333333333331552e+01
7.050000000000000000e+01
6.995399999999999352e+01
6.946928571428570365e+01
6.914399999999999125e+01
6.891399999999998727e+01
6.876133333333334008e+01
6.861400000000001853e+01
6.849800000000000466e+01
6.840466666666665674e+01
6.835533333333334838e+01
6.836357142857141866e+01
6.832533333333334724e+01
6.828533333333332678e+01
6.826200000000000045e+01
6.823400000000000887e+01
6.828666666666664753e+01
6.833399999999998897e+01
6.835533333333333417e+01
6.833733333333333348e+01
6.832666666666665378e+01
6.830866666666666731e+01
6.830733333333333235e+01
6.828199999999999648e+01
6.821666666666668277e+01
6.820933333333334758e+01
6.817733333333333690e+01
6.811133333333334861e+01
6.806933333333333280e+01
6.802866666666665196e+01
6.796000000000002217e+01
6.789933333333333110e+01
6.781266666666665799e+01
6.779133333333331279e+01
6.774733333333333007e+01
6.765933333333333621e+01
6.761066666666667402e+01
6.758933333333332882e+01
6.754533333333330347e+01
6.751933333333333564e+01
6.745066666666666322e+01
6.738000000000000966e+01
6.734600000000000364e+01
6.728799999999999670e+01
6.720533333333331427e+01
6.713200000000000500e+01
6.708066666666668709e+01
6.708400000000000318e+01
6.702866666666665196e+01
6.703600000000000136e+01
6.694599999999998374e+01
6.683066666666665867e+01
6.668000000000000682e+01
6.658533333333333815e+01
6.653533333333332678e+01
6.753400000000000603e+01
6.966933333333332712e+01
7.127866666666666617e+01
7.226933333333333564e+01
7.323866666666667413e+01
7.447133333333333383e+01
7.570666666666666345e+01
7.655933333333334190e+01
7.695199999999999818e+01
7.747599999999998488e+01
7.795333333333333314e+01
7.824666666666665549e+01
7.841600000000001103e+01
7.858666666666665890e+01
7.882600000000000762e+01
7.904866666666666219e+01
7.920066666666667743e+01
7.945133333333333781e+01
7.959466666666665446e+01
7.976399999999999579e+01
7.911999999999999034e+01
7.660133333333332928e+01
7.477666666666665662e+01
7.332000000000000739e+01
7.220933333333331916e+01
7.331066666666666265e+01
7.459666666666667822e+01
7.460133333333331507e+01
7.484333333333331950e+01
7.505933333333332769e+01
7.497333333333334338e+01
7.505266666666668129e+01
7.535333333333332462e+01
7.559466666666666868e+01
7.557666666666665378e+01
7.536466666666666470e+01
7.529399999999999693e+01
7.533066666666667288e+01
7.526666666666665151e+01
7.522799999999999443e+01
7.527642857142858190e+01
7.527066666666665640e+01
7.528266666666667106e+01
7.529066666666668084e+01
7.550800000000000978e+01
7.414133333333333553e+01
7.277866666666665196e+01
7.189799999999999613e+01
7.120199999999999818e+01
7.073733333333332496e+01
7.040666666666666629e+01
7.010666666666666913e+01
6.985866666666666447e+01
6.965933333333332200e+01
6.949333333333333940e+01
6.937066666666666492e+01
6.923066666666666436e+01
6.915266666666666140e+01
6.904866666666666219e+01
6.896933333333332428e+01
6.893800000000000239e+01
6.890071428571428669e+01
6.881999999999999318e+01
6.875066666666666038e+01
6.874399999999999977e+01
6.868933333333333735e+01
6.857571428571428385e+01
6.845733333333333803e+01
6.841133333333331734e+01
6.838933333333332598e+01
6.838466666666667493e+01
6.836933333333334417e+01
6.829666666666665265e+01
6.824466666666667436e+01
6.819714285714287882e+01
6.817333333333331780e+01
6.814199999999999591e+01
6.808599999999999852e+01
6.801466666666667038e+01
6.795266666666665856e+01
6.793933333333333735e+01
6.794800000000000750e+01
6.790533333333331711e+01
6.787399999999999523e+01
6.784733333333333860e+01
6.782599999999999341e+01
6.781866666666665822e+01
6.777799999999999159e+01
6.767866666666667186e+01
6.765466666666665674e+01
6.758857142857141298e+01
6.751999999999999602e+01
6.746133333333331450e+01
6.741199999999997772e+01
6.744333333333332803e+01
6.740933333333333621e+01
6.752800000000000580e+01
6.914466666666666583e+01
7.096999999999999886e+01
7.217600000000000193e+01
7.302333333333332632e+01
7.365400000000001057e+01
7.408133333333333326e+01
7.426600000000000534e+01
7.442533333333332735e+01
7.449933333333332541e+01
7.440357142857142492e+01
7.449800000000000466e+01
7.441799999999999216e+01
7.485399999999999920e+01
7.502599999999999625e+01
7.526866666666666106e+01
7.534733333333333860e+01
7.522066666666665924e+01
7.494133333333333269e+01
7.493466666666667209e+01
7.482533333333331882e+01
7.402333333333332632e+01
7.206466666666668175e+01
7.069866666666666788e+01
6.961533333333333928e+01
6.867266666666665742e+01
6.770000000000000284e+01
6.684133333333333837e+01
6.613466666666666072e+01
6.550266666666666993e+01
6.499266666666667902e+01
6.571866666666667811e+01
6.796000000000000796e+01
6.946533333333331939e+01
7.059333333333331950e+01
7.143066666666666720e+01
7.203466666666666640e+01
7.249200000000000443e+01
7.297399999999998954e+01
7.127000000000001023e+01
7.000799999999999557e+01
6.909133333333332416e+01
6.851533333333333076e+01
6.809066666666666379e+01
6.773600000000000421e+01
6.750066666666667459e+01
6.734266666666665913e+01
6.721466666666667322e+01
6.703600000000000136e+01
6.681866666666665822e+01
6.675066666666666038e+01
6.664533333333332621e+01
6.655333333333332746e+01
6.653799999999999670e+01
6.658857142857142719e+01
6.667066666666666208e+01
6.667200000000001125e+01
6.672533333333333871e+01
6.677733333333333121e+01
6.687199999999999989e+01
6.690142857142856769e+01
6.702733333333333121e+01
6.706928571428569796e+01
6.711199999999999477e+01
6.714066666666664673e+01
6.717066666666666208e+01
6.721733333333332894e+01
6.726266666666666083e+01
6.724499999999999034e+01
6.724857142857142378e+01
6.725933333333333053e+01
6.722266666666668300e+01
6.718666666666668164e+01
6.715733333333334087e+01
6.715800000000000125e+01
6.713133333333333042e+01
6.709599999999998943e+01
6.708800000000000807e+01
6.711333333333332973e+01
6.712533333333333019e+01
6.707199999999998852e+01
6.700066666666666038e+01
6.689000000000000057e+01
6.681999999999999318e+01
6.676999999999999602e+01
6.671000000000000796e+01
6.672666666666667368e+01
6.675428571428571445e+01
6.679133333333332700e+01
6.671733333333334315e+01
6.675357142857143344e+01
6.673333333333333428e+01
6.660666666666666913e+01
6.622533333333333871e+01
6.601466666666665617e+01
6.593866666666666276e+01
6.708333333333334281e+01
6.933400000000000318e+01
7.095066666666666322e+01
7.226333333333333542e+01
7.322933333333334360e+01
7.405400000000000205e+01
7.471666666666666856e+01
7.510866666666666447e+01
7.560133333333331507e+01
7.585666666666665492e+01
7.587533333333334440e+01
7.581666666666667709e+01
7.553133333333335031e+01
7.531799999999999784e+01
7.611400000000000432e+01
7.689533333333335463e+01
7.740733333333334087e+01
7.794333333333334224e+01
7.848866666666667413e+01
7.898999999999998067e+01
7.853666666666666174e+01
7.604866666666666219e+01
7.427666666666667084e+01
7.288466666666666072e+01
7.244333333333334224e+01
7.420800000000001262e+01
7.550399999999999068e+01
7.651800000000001489e+01
7.735933333333332484e+01
7.795916666666666117e+01
7.849333333333332519e+01
7.901866666666666106e+01
7.938214285714285268e+01
7.970466666666666811e+01
8.004600000000000648e+01
8.030200000000000671e+01
8.058666666666665890e+01
8.087066666666666492e+01
8.096866666666666390e+01
8.107466666666668687e+01
8.115333333333335020e+01
8.116666666666667140e+01
8.118133333333335599e+01
8.120066666666666322e+01
8.122533333333333871e+01
8.041928571428572070e+01
7.808142857142856030e+01
7.663199999999999079e+01
7.539199999999999591e+01
7.440999999999999659e+01
7.373933333333334872e+01
7.315266666666666140e+01
7.269800000000000750e+01
7.235866666666667868e+01
7.204533333333333189e+01
7.180599999999999739e+01
7.157333333333333769e+01
7.136071428571428044e+01
7.119400000000000261e+01
7.104733333333334144e+01
7.090066666666668027e+01
7.081533333333332791e+01
7.068533333333333246e+01
7.050933333333333053e+01
7.037133333333332530e+01
7.026200000000000045e+01
7.015599999999999170e+01
7.003600000000000136e+01
6.993600000000000705e+01
6.984466666666665446e+01
6.976200000000000045e+01
6.965733333333332666e+01
6.961400000000000432e+01
6.955466666666664821e+01
6.947600000000001330e+01
6.942199999999999704e+01
6.939266666666665628e+01
6.928400000000000603e+01
6.916333333333332689e+01
6.909066666666666379e+01
6.903933333333333167e+01
6.899866666666666504e+01
6.893800000000000239e+01
6.888000000000000966e+01
6.882999999999999829e+01
6.872199999999999420e+01
6.862333333333334906e+01
6.859142857142857963e+01
6.850200000000000955e+01
6.838533333333333530e+01
6.834999999999999432e+01
6.825000000000001421e+01
6.819800000000000750e+01
6.811799999999999500e+01
6.804399999999999693e+01
6.784642857142856087e+01
6.834400000000000830e+01
7.042466666666665276e+01
7.204400000000001114e+01
7.306571428571427873e+01
7.400866666666665594e+01
7.440466666666667095e+01
7.464000000000001478e+01
7.485333333333332462e+01
7.519066666666665810e+01
7.531999999999999318e+01
7.535600000000000875e+01
7.542642857142858759e+01
7.560266666666666424e+01
7.588066666666667004e+01
7.598533333333332962e+01
7.677133333333334519e+01
7.761666666666666003e+01
7.838466666666666072e+01
7.888599999999998147e+01
7.922933333333334360e+01
7.956733333333335167e+01
7.975399999999999068e+01
7.997399999999997533e+01
8.022933333333331518e+01
8.040933333333333621e+01
8.072266666666668300e+01
8.105600000000002581e+01
8.133466666666666356e+01
8.155066666666665753e+01
8.166066666666667118e+01
8.211133333333333439e+01
8.228333333333333144e+01
8.246666666666668277e+01
8.295071428571428385e+01
8.307533333333334724e+01
8.343071428571430204e+01
8.339857142857142946e+01
8.162933333333333508e+01
7.925133333333333496e+01
7.741285714285716324e+01
7.579133333333332700e+01
7.449133333333334406e+01
7.354333333333332234e+01
7.281666666666666288e+01
7.228000000000001535e+01
7.181214285714285950e+01
7.142499999999999716e+01
7.110785714285715642e+01
7.088928571428571956e+01
7.070800000000001262e+01
7.052600000000001046e+01
7.030266666666666708e+01
7.010071428571427532e+01
6.996000000000002217e+01
6.985285714285714675e+01
6.971692307692308077e+01
6.966769230769229182e+01
6.963285714285713368e+01
6.957333333333332348e+01
6.952999999999998693e+01
6.946928571428571786e+01
6.938066666666667004e+01
6.929666666666666686e+01
6.924200000000000443e+01
6.920600000000003149e+01
6.918066666666665299e+01
6.919600000000001216e+01
6.916733333333334599e+01
6.914466666666665162e+01
6.912066666666667913e+01
6.908533333333333815e+01
6.901800000000000068e+01
6.890266666666666140e+01
6.881933333333333280e+01
6.868533333333333246e+01
6.862933333333333508e+01
6.855266666666666708e+01
6.843266666666666254e+01
6.833928571428569398e+01
6.825800000000000978e+01
6.819000000000001194e+01
6.817928571428571161e+01
6.815266666666666140e+01
6.815076923076922810e+01
6.815571428571426793e+01
6.811785714285714732e+01
6.809400000000000830e+01
6.803733333333332212e+01
6.797642857142857054e+01
6.793666666666666742e+01
6.788266666666666538e+01
6.788714285714284813e+01
6.786200000000000898e+01
6.782533333333331882e+01
6.783400000000000318e+01
6.774600000000000932e+01
6.773285714285715642e+01
6.946999999999999886e+01
7.169142857142857395e+01
7.373199999999999932e+01
7.524199999999999022e+01
7.639399999999997704e+01
7.727066666666665640e+01
7.790866666666666163e+01
7.849600000000000932e+01
7.892399999999999238e+01
7.928600000000000136e+01
7.969333333333334224e+01
8.006066666666667686e+01
8.024999999999998579e+01
8.044400000000000261e+01
8.079066666666669505e+01
8.090466666666667095e+01
8.096933333333332428e+01
8.109466666666665446e+01
8.113466666666667493e+01
8.117400000000000659e+01
8.122466666666667834e+01
7.996933333333332428e+01
7.743666666666666742e+01
7.582666666666666799e+01
7.462199999999999989e+01
7.369399999999998840e+01
7.295666666666667766e+01
7.245933333333331916e+01
7.206600000000000250e+01
7.179400000000001114e+01
7.149133333333332985e+01
7.131733333333332325e+01
7.117066666666666208e+01
7.073199999999999932e+01
7.055066666666667174e+01
7.045266666666667277e+01
7.027599999999999625e+01
7.016799999999999216e+01
7.009785714285713709e+01
7.001600000000001955e+01
6.993399999999999750e+01
6.981466666666663912e+01
6.971399999999999864e+01
6.963599999999998147e+01
6.951933333333334986e+01
6.945533333333332848e+01
6.938599999999999568e+01
6.935866666666667868e+01
6.927333333333332632e+01
6.925133333333333496e+01
6.917866666666665765e+01
6.913266666666666538e+01
6.909933333333333394e+01
6.906333333333333258e+01
6.904999999999999716e+01
6.896800000000001774e+01
6.892799999999998306e+01
6.890200000000001523e+01
6.882866666666667754e+01
6.876933333333332143e+01
6.867533333333334156e+01
6.862000000000001876e+01
6.853400000000000603e+01
6.845866666666668721e+01
6.837333333333332064e+01
6.828933333333334588e+01
6.821666666666666856e+01
6.812933333333333508e+01
6.808066666666665867e+01
6.802266666666668016e+01
6.802400000000000091e+01
6.808466666666667777e+01
6.808800000000000807e+01
6.806071428571429749e+01
6.800866666666665594e+01
6.796733333333334315e+01
6.790399999999999636e+01
6.787333333333332064e+01
6.784333333333333371e+01
6.780799999999997851e+01
6.778066666666664730e+01
6.778933333333331746e+01
6.780133333333333212e+01
6.779533333333331768e+01
6.777866666666663775e+01
6.781066666666667686e+01
6.779692307692306485e+01
6.764909090909090139e+01
6.759400000000000830e+01
6.756666666666664867e+01
6.754533333333331768e+01
6.753266666666667106e+01
6.749933333333332541e+01
6.748199999999999932e+01
6.742199999999999704e+01
6.741666666666667140e+01
6.740333333333333599e+01
6.741133333333331734e+01
6.744599999999998374e+01
6.743866666666664855e+01
6.736466666666666470e+01
6.733066666666664446e+01
6.725333333333331609e+01
6.726571428571428157e+01
6.715733333333332666e+01
6.712533333333333019e+01
6.713266666666667959e+01
6.709857142857143231e+01
6.694000000000001194e+01
6.640333333333333599e+01
6.607733333333334258e+01
6.575066666666667459e+01
6.579428571428572070e+01
6.548866666666665992e+01
6.514933333333331689e+01
6.494066666666665810e+01
6.476399999999999579e+01
6.463533333333333530e+01
6.450733333333333519e+01
6.421266666666667788e+01
6.404466666666665731e+01
6.394599999999999795e+01
6.383142857142856741e+01
6.375000000000000000e+01
6.376666666666666572e+01
6.378666666666666174e+01
6.374599999999999511e+01
6.368466666666665787e+01
6.366400000000000148e+01
6.361200000000000188e+01
6.358000000000000540e+01
6.368333333333333002e+01
6.386399999999999721e+01
6.398857142857143288e+01
6.416466666666669028e+01
6.440866666666666163e+01
6.467600000000000193e+01
6.493733333333332780e+01
6.517799999999998306e+01
6.538400000000000034e+01
6.546999999999999886e+01
6.568866666666667697e+01
6.582428571428570763e+01
6.596200000000000330e+01
6.601999999999999602e+01
6.615533333333333132e+01
6.614600000000000080e+01
6.627142857142855803e+01
6.630785714285714505e+01
6.629666666666663843e+01
6.634733333333335281e+01
6.647466666666666413e+01
6.652133333333333098e+01
6.647733333333333405e+01
6.647733333333334826e+01
6.645800000000001262e+01
6.647733333333333405e+01
6.651266666666667504e+01
6.646933333333333849e+01
6.634466666666666868e+01
6.633000000000001251e+01
6.632066666666668198e+01
6.636999999999999034e+01
6.645200000000001239e+01
6.641533333333333644e+01
6.631199999999999761e+01
6.634066666666667800e+01
6.633866666666668266e+01
6.628928571428571104e+01
6.627400000000001512e+01
6.626400000000001000e+01
6.628866666666665708e+01
6.624733333333333007e+01
6.622600000000001330e+01
6.613333333333333997e+01
6.601333333333332121e+01
6.600466666666666526e+01
6.597799999999999443e+01
6.591384615384616552e+01
6.409000000000000341e+01
6.373799999999999244e+01
6.322733333333333405e+01
6.306133333333333013e+01
6.335666666666666202e+01
6.560733333333332951e+01
6.792133333333332246e+01
6.967599999999998772e+01
7.088866666666666561e+01
7.176666666666665151e+01
7.228933333333334588e+01
7.261799999999999500e+01
7.285266666666667845e+01
7.308357142857144595e+01
7.330266666666666708e+01
7.371466666666665901e+01
7.396933333333332428e+01
7.425733333333332098e+01
7.458666666666667311e+01
7.477999999999998693e+01
7.492800000000001148e+01
7.499866666666665083e+01
7.502933333333332655e+01
7.542142857142857792e+01
7.571399999999998442e+01
7.389666666666668959e+01
7.199133333333334406e+01
7.058200000000000784e+01
7.068933333333332314e+01
7.250800000000000978e+01
7.391533333333333644e+01
7.486400000000000432e+01
7.574533333333334895e+01
7.639066666666667516e+01
7.685466666666665958e+01
7.724266666666669323e+01
7.750466666666667948e+01
7.777933333333334076e+01
7.796666666666666856e+01
7.802266666666668016e+01
7.825533333333332564e+01
7.839399999999999125e+01
7.852933333333334076e+01
7.870466666666666811e+01
7.875266666666666993e+01
7.851933333333333564e+01
7.671399999999998442e+01
7.443866666666664855e+01
7.313800000000000523e+01
7.226733333333335452e+01
7.162866666666666049e+01
7.103999999999999204e+01
7.061933333333332996e+01
7.017666666666666231e+01
6.977466666666666129e+01
6.948733333333332496e+01
6.928266666666668527e+01
6.896466666666667322e+01
6.849933333333333962e+01
6.808533333333333815e+01
6.769733333333334713e+01
6.737066666666666492e+01
6.712866666666666049e+01
6.669400000000000261e+01
6.635266666666667845e+01
6.609666666666666401e+01
6.578466666666666640e+01
6.555466666666667663e+01
6.525266666666665571e+01
6.495733333333333803e+01
6.471533333333333360e+01
6.455857142857142605e+01
6.437866666666667470e+01
6.414428571428572923e+01
6.400066666666666038e+01
6.392866666666665765e+01
6.385714285714285410e+01
6.395199999999999818e+01
6.398000000000000398e+01
6.400785714285714789e+01
6.401266666666667504e+01
6.400266666666666993e+01
6.393142857142856883e+01
6.388266666666666538e+01
6.386066666666666691e+01
6.380600000000000449e+01
6.371599999999999397e+01
6.369133333333333269e+01
6.368400000000000460e+01
6.365933333333334332e+01
6.352466666666666839e+01
6.358266666666666822e+01
6.356133333333333724e+01
6.374857142857142378e+01
6.382357142857143373e+01
6.400714285714285268e+01
6.416133333333333155e+01
6.512800000000000011e+01
6.725733333333333519e+01
6.924066666666665526e+01
7.102533333333332166e+01
7.261333333333335815e+01
7.401866666666667527e+01
7.499933333333332541e+01
7.565066666666668027e+01
7.626066666666665128e+01
7.672533333333333871e+01
7.708600000000001273e+01
7.727428571428572468e+01
7.746357142857142719e+01
7.770266666666664435e+01
7.787800000000001432e+01
7.800999999999999091e+01
7.818357142857144026e+01
7.830400000000001626e+01
7.821714285714286063e+01
7.819200000000000728e+01
7.819866666666666788e+01
7.806733333333332325e+01
7.802266666666666595e+01
7.801733333333332610e+01
7.795066666666667743e+01
7.797333333333334338e+01
7.801666666666666572e+01
7.817533333333332735e+01
7.815933333333333621e+01
7.834400000000000830e+01
7.853799999999999670e+01
7.868466666666667209e+01
7.882999999999999829e+01
7.897999999999998977e+01
7.912800000000000011e+01
7.928333333333333144e+01
7.941499999999999204e+01
7.955533333333333701e+01
7.969333333333334224e+01
7.943599999999999284e+01
7.787266666666667447e+01
7.703866666666668550e+01
7.684333333333333371e+01
7.667133333333335088e+01
7.674533333333333474e+01
7.718466666666667209e+01
7.747571428571428953e+01
