7.560999999999999943e+01
7.568999999999999773e+01
7.603000000000000114e+01
7.620999999999999375e+01
7.623999999999999488e+01
7.637000000000000455e+01
7.662000000000000455e+01
7.685999999999999943e+01
7.695999999999999375e+01
7.706999999999999318e+01
7.718000000000000682e+01
7.720000000000000284e+01
7.715999999999999659e+01
7.715999999999999659e+01
7.714000000000000057e+01
7.720000000000000284e+01
7.715999999999999659e+01
7.718000000000000682e+01
7.690999999999999659e+01
7.690999999999999659e+01
7.668999999999999773e+01
7.689000000000000057e+01
7.721999999999999886e+01
7.743000000000000682e+01
7.765000000000000568e+01
7.768000000000000682e+01
7.773999999999999488e+01
7.773999999999999488e+01
7.773999999999999488e+01
7.776000000000000512e+01
7.773999999999999488e+01
7.781000000000000227e+01
7.785999999999999943e+01
7.785999999999999943e+01
7.790000000000000568e+01
7.793999999999999773e+01
7.781000000000000227e+01
7.773999999999999488e+01
7.770000000000000284e+01
7.762999999999999545e+01
7.767000000000000171e+01
7.765000000000000568e+01
7.768000000000000682e+01
7.767000000000000171e+01
7.765000000000000568e+01
7.767000000000000171e+01
7.757999999999999829e+01
7.768000000000000682e+01
7.765000000000000568e+01
7.754000000000000625e+01
7.701999999999999602e+01
7.693000000000000682e+01
7.715999999999999659e+01
7.710999999999999943e+01
7.676999999999999602e+01
7.685999999999999943e+01
7.659000000000000341e+01
7.665999999999999659e+01
7.676999999999999602e+01
7.687000000000000455e+01
7.668999999999999773e+01
7.676999999999999602e+01
7.689000000000000057e+01
7.700000000000000000e+01
7.684000000000000341e+01
7.670999999999999375e+01
7.659000000000000341e+01
7.639000000000000057e+01
7.640999999999999659e+01
7.629999999999999716e+01
7.634999999999999432e+01
7.643999999999999773e+01
7.662000000000000455e+01
7.654999999999999716e+01
7.653000000000000114e+01
7.668999999999999773e+01
7.685999999999999943e+01
7.706307692307692037e+01
7.711266666666666936e+01
7.715400000000001057e+01
7.705733333333333235e+01
7.680866666666666731e+01
7.667333333333333201e+01
7.651066666666666549e+01
7.640466666666664253e+01
7.631799999999999784e+01
7.614200000000001012e+01
7.610466666666665958e+01
7.597000000000001307e+01
7.589733333333333576e+01
7.582333333333332348e+01
7.579799999999998761e+01
7.576066666666665128e+01
7.567133333333332246e+01
7.562733333333333974e+01
7.577266666666665174e+01
7.585200000000001808e+01
7.592933333333334645e+01
7.601933333333333564e+01
7.601733333333332610e+01
7.618466666666667209e+01
7.635200000000000387e+01
7.646200000000001751e+01
7.651399999999998158e+01
7.663600000000000989e+01
7.672400000000000375e+01
7.672933333333334360e+01
7.686066666666665981e+01
7.691533333333333644e+01
7.699466666666666015e+01
7.705133333333331791e+01
7.697666666666668789e+01
7.692499999999999716e+01
7.698266666666667390e+01
7.712533333333335861e+01
7.721000000000002217e+01
7.720400000000002194e+01
7.720533333333334269e+01
7.738066666666667004e+01
7.749266666666666481e+01
7.751399999999998158e+01
7.761266666666666936e+01
7.757466666666664423e+01
7.763066666666668425e+01
7.769333333333335645e+01
7.769466666666667720e+01
7.771266666666666367e+01
7.768461538461536975e+01
7.772666666666667368e+01
7.772800000000000864e+01
7.769000000000001194e+01
7.766599999999998261e+01
7.749666666666668391e+01
7.743714285714288792e+01
7.741733333333333178e+01
7.741266666666666652e+01
7.743142857142858304e+01
7.743285714285717347e+01
7.725733333333332098e+01
7.677933333333335497e+01
7.667200000000002547e+01
7.664999999999999147e+01
7.669866666666666788e+01
7.679599999999999227e+01
7.680400000000000205e+01
7.671066666666666833e+01
7.672199999999999420e+01
7.658466666666666356e+01
7.648666666666665037e+01
7.636600000000001387e+01
7.637199999999999989e+01
7.611999999999997613e+01
7.616428571428571104e+01
7.619733333333331871e+01
7.597800000000002285e+01
7.581799999999998363e+01
7.565466666666665674e+01
7.555199999999997829e+01
7.547133333333334804e+01
7.546333333333333826e+01
7.550799999999999557e+01
7.545466666666666811e+01
7.542333333333334622e+01
7.541400000000000148e+01
7.543933333333333735e+01
7.553333333333333144e+01
7.577266666666666595e+01
7.599399999999999977e+01
7.640799999999998704e+01
7.641266666666665230e+01
7.614933333333334531e+01
7.628733333333333633e+01
7.645133333333335202e+01
7.646333333333336668e+01
7.639999999999999147e+01
7.624000000000000909e+01
7.623533333333331541e+01
7.642733333333333690e+01
7.643266666666664833e+01
7.615333333333333599e+01
7.627066666666664219e+01
7.603866666666665708e+01
7.584799999999999898e+01
7.571600000000002240e+01
7.561133333333332018e+01
7.551600000000000534e+01
7.538799999999999102e+01
7.528666666666664753e+01
7.525333333333333030e+01
7.516666666666667140e+01
7.514199999999999591e+01
7.540333333333333599e+01
7.585866666666667868e+01
7.627071428571427703e+01
7.618666666666665321e+01
7.613666666666667027e+01
7.632199999999998852e+01
7.668000000000002103e+01
7.705933333333334190e+01
7.728600000000001558e+01
7.717933333333333223e+01
7.707357142857142662e+01
7.697266666666668300e+01
7.692600000000000193e+01
7.697800000000000864e+01
7.701733333333332610e+01
7.704199999999997317e+01
7.709666666666666401e+01
7.709066666666667800e+01
7.708533333333333815e+01
7.705642857142856883e+01
7.722866666666665481e+01
7.735399999999999920e+01
7.728666666666666174e+01
7.732800000000000296e+01
7.733600000000001273e+01
7.723400000000000887e+01
7.726533333333331655e+01
7.728266666666667106e+01
7.714933333333334531e+01
7.718266666666667675e+01
7.706066666666667686e+01
7.703866666666664287e+01
7.707933333333333792e+01
7.695200000000001239e+01
7.695933333333333337e+01
7.684799999999998477e+01
7.671866666666667811e+01
7.669666666666667254e+01
7.661866666666668380e+01
7.667066666666667629e+01
7.667266666666665742e+01
7.653866666666665708e+01
7.654999999999998295e+01
7.646133333333334292e+01
7.640133333333332644e+01
7.644666666666667254e+01
7.638933333333334019e+01
7.623999999999999488e+01
7.551399999999999579e+01
7.532199999999998852e+01
7.537533333333334440e+01
7.530666666666665776e+01
7.524466666666668857e+01
7.523799999999998533e+01
7.532071428571428839e+01
7.529799999999998761e+01
7.540333333333333599e+01
7.556266666666665799e+01
7.566733333333333178e+01
7.564199999999999591e+01
7.561066666666665981e+01
7.571266666666666367e+01
7.558199999999997942e+01
7.547266666666668300e+01
7.526399999999999579e+01
7.526399999999998158e+01
7.517399999999999238e+01
7.493733333333332780e+01
7.469800000000000750e+01
7.460733333333334372e+01
7.489066666666667516e+01
7.486866666666665537e+01
7.473466666666668345e+01
7.486199999999999477e+01
7.521333333333333826e+01
7.519799999999999329e+01
7.502933333333335497e+01
7.482666666666665378e+01
7.477642857142856769e+01
7.466066666666665697e+01
7.458066666666667288e+01
7.440800000000000125e+01
7.427866666666665196e+01
7.416266666666665230e+01
7.414600000000000080e+01
7.413666666666668448e+01
7.408866666666664003e+01
7.391466666666666185e+01
7.395733333333333803e+01
7.401933333333332143e+01
7.401666666666666572e+01
7.393733333333332780e+01
7.382533333333334724e+01
7.404999999999999716e+01
7.441266666666666652e+01
7.470999999999999375e+01
7.499600000000000932e+01
7.538333333333335418e+01
7.548999999999999488e+01
7.565933333333333621e+01
7.553600000000000136e+01
7.530133333333333212e+01
7.510066666666665469e+01
7.532333333333333769e+01
7.547866666666666902e+01
7.564533333333332621e+01
7.574400000000001398e+01
7.578733333333333633e+01
7.581714285714285495e+01
7.585200000000000387e+01
7.587466666666666981e+01
7.581199999999998340e+01
7.583799999999999386e+01
7.574642857142858077e+01
7.581333333333333258e+01
7.579799999999998761e+01
7.598800000000001376e+01
7.610866666666666447e+01
7.614466666666666583e+01
7.625066666666666038e+01
7.626133333333332587e+01
7.635466666666665958e+01
7.641333333333334110e+01
7.646533333333333360e+01
7.644266666666665344e+01
7.639866666666667072e+01
7.644933333333332826e+01
7.637933333333333508e+01
7.639866666666665651e+01
7.635066666666665469e+01
7.628066666666664730e+01
7.622666666666667368e+01
7.620142857142857906e+01
7.626333333333332121e+01
7.633733333333334770e+01
7.643933333333333735e+01
7.639200000000001012e+01
7.629933333333332257e+01
7.632500000000001705e+01
7.638400000000000034e+01
7.642666666666667652e+01
7.635533333333331996e+01
7.623466666666666924e+01
7.626800000000000068e+01
7.618666666666666742e+01
7.617133333333332246e+01
7.620199999999998397e+01
7.611466666666667891e+01
7.616666666666668561e+01
7.615666666666666629e+01
7.610000000000000853e+01
7.617533333333334156e+01
7.608599999999998431e+01
7.611733333333332041e+01
7.605400000000000205e+01
7.606866666666668664e+01
7.613933333333332598e+01
7.608214285714286973e+01
7.616500000000000625e+01
7.608266666666668243e+01
7.606266666666665799e+01
7.610428571428572297e+01
7.613066666666667004e+01
7.625600000000000023e+01
7.622666666666667368e+01
7.634533333333334326e+01
7.637800000000000011e+01
7.642000000000000171e+01
7.652133333333333098e+01
7.649933333333333962e+01
7.654199999999998738e+01
7.645642857142857451e+01
7.645733333333333803e+01
7.645066666666664901e+01
7.642133333333332246e+01
7.644133333333336111e+01
7.637199999999999989e+01
7.634999999999999432e+01
7.628266666666667106e+01
7.622000000000001307e+01
7.619266666666666765e+01
7.607399999999998386e+01
7.609000000000000341e+01
7.597266666666665458e+01
7.595733333333333803e+01
7.590266666666664719e+01
7.584866666666667356e+01
7.589142857142857679e+01
7.581999999999999318e+01
7.592599999999998772e+01
7.590666666666666629e+01
7.596599999999999397e+01
7.605933333333332769e+01
7.618666666666668164e+01
7.630066666666665753e+01
7.623733333333332496e+01
7.626066666666665128e+01
7.626333333333332121e+01
7.629999999999998295e+01
7.626200000000000045e+01
7.616357142857143003e+01
7.617000000000000171e+01
7.611799999999999500e+01
7.610933333333332484e+01
7.616200000000002035e+01
7.614071428571428157e+01
7.599066666666666947e+01
7.589466666666666583e+01
7.598600000000000421e+01
7.609400000000000830e+01
7.620533333333334269e+01
7.615133333333332644e+01
7.614866666666667072e+01
7.616133333333331734e+01
7.611466666666665049e+01
7.615928571428571558e+01
7.622000000000001307e+01
7.621200000000000330e+01
7.630733333333331814e+01
7.629133333333332700e+01
7.631400000000000716e+01
7.636599999999999966e+01
7.627466666666664707e+01
7.633533333333335236e+01
7.631799999999998363e+01
7.634071428571428442e+01
7.639733333333332155e+01
7.630333333333331325e+01
7.640200000000000102e+01
7.629133333333331279e+01
7.610733333333334372e+01
7.611999999999999034e+01
7.611000000000002785e+01
7.614599999999998658e+01
7.613333333333333997e+01
7.623399999999999466e+01
7.621866666666666390e+01
7.623071428571427077e+01
7.622533333333335293e+01
7.616599999999999682e+01
7.621933333333335270e+01
7.615466666666667095e+01
7.617933333333333223e+01
7.617199999999999704e+01
7.615133333333332644e+01
7.606400000000000716e+01
7.589400000000000546e+01
7.592400000000000659e+01
7.581799999999999784e+01
7.579533333333331768e+01
7.580733333333333235e+01
7.581733333333335167e+01
7.588399999999998613e+01
7.586133333333333439e+01
7.594066666666667231e+01
7.598666666666667879e+01
7.603066666666664730e+01
7.611066666666665981e+01
7.611249999999999716e+01
7.613666666666664185e+01
7.612933333333333508e+01
7.618200000000001637e+01
7.619333333333332803e+01
7.621399999999999864e+01
7.626333333333332121e+01
7.623333333333333428e+01
7.629428571428570649e+01
7.628133333333332189e+01
7.627066666666665640e+01
7.628533333333332678e+01
7.623066666666665014e+01
7.628933333333331746e+01
7.624800000000000466e+01
7.626866666666666106e+01
7.624666666666668391e+01
7.617999999999999261e+01
7.604266666666667618e+01
7.589200000000001012e+01
7.592199999999999704e+01
7.598533333333332962e+01
7.605066666666667174e+01
7.603600000000000136e+01
7.594933333333334247e+01
7.600933333333334474e+01
7.599266666666667902e+01
7.592933333333333223e+01
7.601399999999998158e+01
7.597200000000000841e+01
7.609799999999999898e+01
7.622333333333334338e+01
7.619933333333334247e+01
7.635933333333332484e+01
7.638533333333334951e+01
7.654466666666667152e+01
7.658466666666666356e+01
7.647500000000000853e+01
7.644200000000000728e+01
7.636599999999999966e+01
7.641266666666663809e+01
7.630599999999999739e+01
7.620066666666666322e+01
7.619333333333334224e+01
7.607266666666666310e+01
7.608333333333332860e+01
7.604466666666665731e+01
7.602599999999999625e+01
7.603400000000000603e+01
7.595000000000000284e+01
7.608400000000000318e+01
7.610200000000001808e+01
7.627066666666665640e+01
7.633199999999997942e+01
7.634999999999999432e+01
7.640866666666666163e+01
7.640533333333333132e+01
7.644933333333334247e+01
7.639714285714286746e+01
7.646466666666665901e+01
7.650933333333334474e+01
7.642199999999999704e+01
7.647199999999999420e+01
7.642866666666665765e+01
7.637866666666667470e+01
7.628133333333333610e+01
7.613733333333331643e+01
7.613333333333333997e+01
7.595333333333331893e+01
7.597333333333334338e+01
7.590466666666665674e+01
7.584800000000001319e+01
7.590733333333334087e+01
7.579533333333331768e+01
7.581133333333335145e+01
7.572600000000001330e+01
7.562866666666667470e+01
7.452666666666665662e+01
7.422333333333334338e+01
7.424533333333333474e+01
7.418800000000001660e+01
7.433599999999999852e+01
7.443800000000001660e+01
7.428799999999999670e+01
7.427333333333332632e+01
7.425733333333333519e+01
7.438066666666668425e+01
7.449000000000000909e+01
7.460466666666667379e+01
7.485866666666667868e+01
7.506642857142857395e+01
7.525533333333332564e+01
7.540800000000000125e+01
7.544533333333335179e+01
7.542399999999999238e+01
7.505933333333332769e+01
7.497333333333332916e+01
7.491785714285715869e+01
7.508071428571429351e+01
7.531000000000001648e+01
7.550333333333331609e+01
7.558933333333332882e+01
7.560933333333332484e+01
7.556266666666665799e+01
7.511533333333335349e+01
7.473600000000000421e+01
7.457933333333333792e+01
7.448466666666668345e+01
7.438266666666667959e+01
7.436799999999999500e+01
7.423733333333333917e+01
7.417000000000000171e+01
7.412666666666669357e+01
7.408199999999997942e+01
7.396866666666667811e+01
7.401399999999999579e+01
7.396266666666666367e+01
7.382600000000000762e+01
7.381428571428570251e+01
7.378933333333333167e+01
7.386866666666666958e+01
7.395533333333334269e+01
7.407666666666666799e+01
7.414266666666665628e+01
7.419266666666666765e+01
7.440466666666664253e+01
7.479266666666667618e+01
7.515266666666664719e+01
7.543333333333333712e+01
7.554933333333333678e+01
7.572266666666664037e+01
7.591799999999999216e+01
7.603933333333331746e+01
7.604866666666664798e+01
7.604666666666666686e+01
7.601133333333332587e+01
7.606199999999998340e+01
7.605599999999999739e+01
7.606933333333333280e+01
7.612666666666667936e+01
7.615199999999998681e+01
7.612733333333333974e+01
7.615200000000001523e+01
7.614266666666667049e+01
7.617400000000000659e+01
7.628199999999999648e+01
7.638599999999998147e+01
7.653399999999997760e+01
7.658400000000000318e+01
7.659266666666667334e+01
7.660466666666667379e+01
7.662133333333332530e+01
7.671533333333333360e+01
7.668133333333331336e+01
7.666866666666668095e+01
7.663466666666666072e+01
7.666200000000000614e+01
7.666000000000001080e+01
7.661466666666665049e+01
7.663933333333334019e+01
7.649933333333333962e+01
7.645333333333334735e+01
7.634266666666665913e+01
7.624133333333334406e+01
7.623800000000001376e+01
7.619000000000002615e+01
7.620066666666666322e+01
7.611466666666667891e+01
7.612533333333334440e+01
7.602866666666666617e+01
7.540599999999999170e+01
7.505733333333334656e+01
7.487133333333332530e+01
7.477133333333333098e+01
7.481266666666665799e+01
7.513571428571427191e+01
7.514866666666668493e+01
7.529733333333332723e+01
7.516333333333334110e+01
7.501999999999999602e+01
7.505999999999997385e+01
7.515666666666666629e+01
7.525866666666668436e+01
7.518071428571430204e+01
7.501066666666669391e+01
7.476600000000000534e+01
7.461200000000000898e+01
7.464866666666665651e+01
7.451933333333333564e+01
7.449799999999999045e+01
7.460200000000001808e+01
7.450266666666668414e+01
7.441266666666666652e+01
7.424928571428571900e+01
7.439133333333333553e+01
7.459333333333331950e+01
7.476866666666666106e+01
7.485333333333332462e+01
7.507266666666667732e+01
7.546066666666666833e+01
7.536666666666666003e+01
7.513066666666667004e+01
7.495800000000002683e+01
7.481666666666664867e+01
7.469933333333334247e+01
7.464799999999998192e+01
7.448066666666666436e+01
7.423600000000001842e+01
7.416399999999998727e+01
7.443600000000000705e+01
7.467733333333332268e+01
7.462466666666665560e+01
7.432533333333331882e+01
7.410533333333333417e+01
7.409642857142854666e+01
7.394266666666666765e+01
7.381666666666666288e+01
7.378199999999998226e+01
7.380733333333331814e+01
7.382599999999999341e+01
7.382600000000000762e+01
7.413333333333333997e+01
7.452533333333333587e+01
7.468333333333333712e+01
7.488466666666666072e+01
7.506133333333332303e+01
7.538599999999999568e+01
7.577200000000000557e+01
7.596999999999999886e+01
7.609066666666666379e+01
7.609799999999999898e+01
7.615866666666666163e+01
7.627866666666665196e+01
7.627333333333332632e+01
7.640599999999999170e+01
7.656133333333333724e+01
7.646466666666667322e+01
7.645333333333333314e+01
7.650600000000000023e+01
7.646333333333333826e+01
7.641533333333333644e+01
7.653466666666666640e+01
7.656999999999997897e+01
7.658333333333332860e+01
7.658266666666666822e+01
7.667800000000001148e+01
7.675399999999999068e+01
7.680866666666663889e+01
7.688733333333333064e+01
7.688400000000000034e+01
7.695600000000000307e+01
7.693714285714284529e+01
7.695066666666667743e+01
7.708666666666667311e+01
7.720466666666668232e+01
7.724266666666666481e+01
7.726200000000000045e+01
7.715799999999998704e+01
7.710933333333335327e+01
7.702866666666666617e+01
7.692200000000001125e+01
7.693666666666669585e+01
7.685999999999998522e+01
7.685000000000000853e+01
7.689333333333333087e+01
7.677933333333332655e+01
7.680133333333331791e+01
7.676066666666666549e+01
7.672857142857141355e+01
7.660666666666666913e+01
7.564333333333333087e+01
7.530799999999999272e+01
7.537400000000000944e+01
7.540133333333332644e+01
7.544800000000000750e+01
7.550266666666666993e+01
7.542733333333332268e+01
7.556466666666666754e+01
7.559000000000000341e+01
7.559400000000000830e+01
7.543800000000001660e+01
7.537266666666667447e+01
7.532266666666666310e+01
7.526000000000000512e+01
7.527333333333334053e+01
7.514066666666667516e+01
7.541933333333332712e+01
7.557933333333332371e+01
7.571866666666664969e+01
7.587066666666666492e+01
7.574866666666667925e+01
7.551533333333334497e+01
7.540200000000001523e+01
7.531466666666665333e+01
7.521866666666667811e+01
7.510933333333332484e+01
7.499866666666666504e+01
7.499466666666667436e+01
7.480666666666665776e+01
7.465999999999999659e+01
7.447066666666665924e+01
7.421599999999997976e+01
7.395133333333333781e+01
7.376600000000001955e+01
7.376866666666666106e+01
7.383142857142857451e+01
7.374071428571429010e+01
7.372933333333334360e+01
7.370785714285716494e+01
7.364666666666666117e+01
7.367399999999999238e+01
7.391933333333334133e+01
7.394785714285713141e+01
7.424133333333332985e+01
7.429866666666667641e+01
7.460642857142859441e+01
7.490733333333332666e+01
7.514533333333334042e+01
7.546214285714286518e+01
7.560333333333332462e+01
7.553266666666665685e+01
7.553928571428571104e+01
7.571199999999998909e+01
7.572466666666666413e+01
7.593666666666668164e+01
7.625333333333333030e+01
7.625799999999999557e+01
7.635799999999998988e+01
7.643399999999999750e+01
7.639533333333334042e+01
7.632466666666665844e+01
7.619666666666668675e+01
7.621733333333334315e+01
7.617733333333332268e+01
7.624571428571427134e+01
7.622266666666665458e+01
7.630866666666663889e+01
7.636799999999999500e+01
7.642066666666667629e+01
7.648466666666666924e+01
7.652333333333331211e+01
7.663400000000000034e+01
7.664928571428571047e+01
7.674533333333332052e+01
7.681199999999998340e+01
7.685399999999999920e+01
7.692266666666665742e+01
7.686533333333333928e+01
7.691799999999997794e+01
7.683999999999998920e+01
7.694066666666667231e+01
7.685399999999998499e+01
7.692533333333334156e+01
7.672399999999998954e+01
7.655666666666665776e+01
7.644266666666665344e+01
7.631199999999996919e+01
7.626266666666667504e+01
7.618933333333333735e+01
7.622866666666666902e+01
7.618785714285714050e+01
7.625133333333333496e+01
7.609733333333333860e+01
7.575666666666667481e+01
7.554400000000001114e+01
7.535199999999998965e+01
7.526428571428571956e+01
7.564799999999998192e+01
7.595285714285714107e+01
7.620533333333332848e+01
7.583399999999998897e+01
7.570399999999999352e+01
7.573533333333334383e+01
7.567533333333334156e+01
7.580066666666667174e+01
7.585066666666666890e+01
7.591142857142855860e+01
7.595266666666665856e+01
7.604285714285713027e+01
7.586800000000000921e+01
7.582333333333333769e+01
7.573133333333333894e+01
7.547571428571427532e+01
7.531933333333333280e+01
7.517933333333331802e+01
7.519733333333333292e+01
7.548533333333334383e+01
7.568000000000000682e+01
7.577199999999999136e+01
7.574866666666666504e+01
7.593133333333331336e+01
7.631933333333333280e+01
7.660933333333333906e+01
7.672000000000001307e+01
7.686933333333332996e+01
7.654599999999999227e+01
7.614799999999999613e+01
7.591666666666667140e+01
7.581199999999996919e+01
7.593500000000001648e+01
7.606600000000000250e+01
7.601800000000000068e+01
7.608133333333334747e+01
7.616333333333334110e+01
7.617733333333335111e+01
7.614499999999999602e+01
7.622928571428572297e+01
7.618200000000000216e+01
7.590866666666667584e+01
7.571199999999998909e+01
7.553333333333333144e+01
7.541933333333332712e+01
7.525866666666667015e+01
7.523714285714285666e+01
7.542214285714284472e+01
7.569599999999999795e+01
7.570866666666668721e+01
7.562933333333333508e+01
7.579866666666667641e+01
7.622533333333331029e+01
7.654999999999999716e+01
7.671066666666665412e+01
7.678199999999998226e+01
7.691200000000000614e+01
7.712266666666666026e+01
7.717400000000000659e+01
7.718800000000001660e+01
7.713333333333333997e+01
7.717200000000001125e+01
7.718066666666666720e+01
7.715600000000000591e+01
7.721000000000000796e+01
7.715000000000000568e+01
7.716800000000002058e+01
7.722666666666667368e+01
7.718866666666669119e+01
7.731666666666666288e+01
7.732866666666667754e+01
7.741333333333334110e+01
7.748866666666667413e+01
7.750999999999999091e+01
7.761333333333331552e+01
7.755733333333333235e+01
7.758266666666666822e+01
7.761533333333333928e+01
7.758866666666668266e+01
7.762933333333333508e+01
7.756199999999999761e+01
7.761599999999999966e+01
7.751000000000000512e+01
7.745933333333333337e+01
7.738400000000000034e+01
7.724666666666666970e+01
7.725928571428570990e+01
7.717000000000001592e+01
7.717866666666667186e+01
7.713666666666667027e+01
7.712600000000000477e+01
7.714266666666665628e+01
7.706466666666663912e+01
7.711733333333332041e+01
7.666799999999999216e+01
7.626600000000000534e+01
7.637666666666667936e+01
7.619666666666667254e+01
7.607133333333332814e+01
7.609466666666666868e+01
7.599571428571428555e+01
7.596066666666666833e+01
7.619000000000001194e+01
7.605666666666665776e+01
7.594466666666667720e+01
7.586866666666666958e+01
7.591533333333335065e+01
7.591399999999998727e+01
7.581333333333331836e+01
7.576199999999998624e+01
7.582600000000000762e+01
7.601666666666665151e+01
7.591133333333333155e+01
7.559799999999998477e+01
7.546800000000001774e+01
7.567933333333331802e+01
7.589866666666667072e+01
7.609666666666664980e+01
7.603866666666665708e+01
7.602933333333332655e+01
7.607333333333333769e+01
7.621199999999998909e+01
7.642333333333333201e+01
7.613800000000000523e+01
7.585666666666665492e+01
7.583866666666668266e+01
7.604133333333332700e+01
7.595199999999999818e+01
7.603999999999999204e+01
7.610466666666667379e+01
7.615066666666665185e+01
7.610800000000000409e+01
7.611733333333333462e+01
7.607066666666665355e+01
7.608666666666665890e+01
7.589600000000000080e+01
7.565466666666665674e+01
7.555266666666665287e+01
7.579399999999999693e+01
7.592533333333332735e+01
7.615266666666666140e+01
7.634600000000000364e+01
7.659933333333334815e+01
7.681933333333334701e+01
7.703266666666665685e+01
7.717666666666667652e+01
7.730333333333334167e+01
7.742800000000002569e+01
7.755599999999999739e+01
7.761266666666666936e+01
7.758200000000000784e+01
7.754399999999996851e+01
7.758000000000001251e+01
7.758733333333333348e+01
7.755866666666665310e+01
7.761799999999999500e+01
7.769600000000001216e+01
7.769733333333331871e+01
7.752933333333332655e+01
7.751733333333332610e+01
7.745866666666667300e+01
7.741466666666666185e+01
7.745571428571429351e+01
7.758400000000000318e+01
7.777466666666667550e+01
7.778533333333332678e+01
7.784199999999999875e+01
7.790599999999999170e+01
7.790133333333332644e+01
7.786466666666666470e+01
7.775533333333332564e+01
7.784399999999999409e+01
7.792600000000000193e+01
7.796666666666666856e+01
7.799466666666667436e+01
7.790000000000000568e+01
7.788733333333333064e+01
7.776666666666667993e+01
7.763799999999999102e+01
7.766866666666668095e+01
7.765799999999998704e+01
7.773933333333333451e+01
7.786533333333333928e+01
7.780799999999999272e+01
7.779357142857142549e+01
7.768999999999999773e+01
7.759466666666665446e+01
7.760333333333333883e+01
7.749933333333335383e+01
7.748399999999999466e+01
7.735200000000001808e+01
7.663666666666667027e+01
7.648199999999999932e+01
7.635133333333331507e+01
7.634266666666667334e+01
7.623399999999998045e+01
7.601399999999998158e+01
7.600533333333333985e+01
7.584400000000000830e+01
7.579733333333332723e+01
7.577466666666666129e+01
7.565399999999999636e+01
7.550571428571429067e+01
7.540066666666666606e+01
7.526999999999999602e+01
7.533200000000000784e+01
7.541133333333333155e+01
7.556733333333335167e+01
7.563599999999999568e+01
7.579666666666665265e+01
7.588133333333331620e+01
7.579066666666666663e+01
7.579533333333331768e+01
7.567000000000000171e+01
7.563933333333332598e+01
7.543266666666664833e+01
7.530428571428569740e+01
7.538666666666668448e+01
7.535933333333333906e+01
7.512642857142857622e+01
7.544200000000002149e+01
7.590933333333332200e+01
7.623733333333331075e+01
7.647357142857141810e+01
7.658933333333334303e+01
7.663866666666669403e+01
7.619733333333333292e+01
7.584533333333332905e+01
7.566599999999998261e+01
7.574866666666666504e+01
7.616599999999999682e+01
7.657800000000000296e+01
7.683200000000000784e+01
7.701333333333332121e+01
7.705599999999999739e+01
7.715866666666669005e+01
7.718066666666666720e+01
7.670071428571426964e+01
7.643733333333332780e+01
7.636133333333332018e+01
7.647466666666666413e+01
7.706199999999998340e+01
7.729999999999999716e+01
7.747933333333334360e+01
7.751285714285712913e+01
7.755733333333334656e+01
7.754400000000001114e+01
7.741400000000000148e+01
7.752466666666666129e+01
7.748600000000001842e+01
7.743266666666667675e+01
7.732866666666667754e+01
7.727666666666665662e+01
7.728466666666666640e+01
7.719000000000001194e+01
7.723066666666666436e+01
7.708799999999999386e+01
7.712600000000000477e+01
7.714266666666665628e+01
7.719866666666666788e+01
7.739600000000000080e+01
7.732333333333332348e+01
7.743000000000000682e+01
7.738799999999999102e+01
7.739200000000001012e+01
7.749800000000000466e+01
7.746733333333332894e+01
7.752466666666666129e+01
7.747133333333333383e+01
7.754666666666666686e+01
7.748999999999999488e+01
7.746800000000000352e+01
7.754533333333331768e+01
7.739666666666667538e+01
7.738400000000000034e+01
7.734285714285714164e+01
7.735466666666667379e+01
7.742266666666665742e+01
7.739066666666667516e+01
7.754333333333333655e+01
7.749399999999999977e+01
7.760307692307692662e+01
7.764199999999999591e+01
7.753133333333333610e+01
7.752733333333331700e+01
7.759399999999999409e+01
7.750533333333332564e+01
7.745000000000000284e+01
7.725133333333334917e+01
7.717199999999998283e+01
7.701800000000001489e+01
7.702133333333331677e+01
7.721133333333332871e+01
7.738533333333334951e+01
7.747733333333333405e+01
7.736200000000000898e+01
7.728333333333331723e+01
7.734999999999999432e+01
7.726266666666667504e+01
7.718466666666670051e+01
7.722400000000000375e+01
7.718399999999998329e+01
7.665066666666666606e+01
7.612000000000001876e+01
7.571800000000000352e+01
7.557933333333333792e+01
7.546357142857142719e+01
7.569599999999998374e+01
7.539000000000000057e+01
7.488666666666664185e+01
7.480933333333331348e+01
7.486266666666666936e+01
7.517266666666665742e+01
7.515666666666668050e+01
7.483866666666664003e+01
7.472533333333333871e+01
7.456199999999996919e+01
7.456066666666666265e+01
7.450533333333333985e+01
7.455199999999997829e+01
7.463333333333333997e+01
7.471999999999999886e+01
7.464133333333332132e+01
7.467666666666667652e+01
7.463142857142858588e+01
7.465866666666667584e+01
7.475133333333333496e+01
7.484799999999999898e+01
7.512266666666666026e+01
7.513333333333335418e+01
7.530800000000000693e+01
7.544133333333334690e+01
7.562066666666667913e+01
7.577199999999999136e+01
7.581533333333332791e+01
7.596733333333332894e+01
7.609733333333333860e+01
7.619533333333335179e+01
7.615000000000000568e+01
7.609666666666666401e+01
7.613666666666667027e+01
7.613600000000000989e+01
7.614133333333332132e+01
7.604066666666668084e+01
7.601066666666665128e+01
7.602199999999999136e+01
7.602799999999999159e+01
7.604800000000000182e+01
7.601200000000000045e+01
7.600799999999999557e+01
7.598733333333332496e+01
7.612533333333334440e+01
7.615333333333333599e+01
7.613333333333333997e+01
7.610799999999998988e+01
7.610533333333333417e+01
7.621999999999999886e+01
7.626533333333333076e+01
7.637533333333333019e+01
7.627133333333331677e+01
7.630999999999998806e+01
7.639799999999999613e+01
7.626933333333333564e+01
7.629266666666666197e+01
7.620666666666666345e+01
7.623066666666666436e+01
7.610200000000000387e+01
7.591666666666667140e+01
7.587000000000001876e+01
7.577533333333333587e+01
7.563733333333333064e+01
7.556266666666665799e+01
7.545733333333332382e+01
7.540153846153845052e+01
7.282333333333333769e+01
7.262933333333333508e+01
7.282133333333334235e+01
7.322599999999998488e+01
7.340000000000000568e+01
7.408133333333333326e+01
7.453066666666667572e+01
7.437333333333330643e+01
7.425533333333332564e+01
7.415866666666666163e+01
7.413866666666666561e+01
7.415000000000000568e+01
7.396466666666667322e+01
7.392800000000001148e+01
7.384799999999999898e+01
7.422399999999998954e+01
7.457000000000000739e+01
7.475399999999999068e+01
7.503666666666664753e+01
7.522066666666665924e+01
7.528066666666664730e+01
7.531133333333333724e+01
7.503733333333335054e+01
7.507266666666667732e+01
7.528933333333331746e+01
7.548533333333334383e+01
7.583866666666666845e+01
7.622266666666664037e+01
7.644666666666665833e+01
7.659066666666667800e+01
7.658066666666665867e+01
7.644533333333332337e+01
7.624533333333333474e+01
7.621599999999999397e+01
7.614933333333333110e+01
7.594133333333333269e+01
7.559533333333332905e+01
7.525333333333334451e+01
7.505199999999999250e+01
7.474133333333334406e+01
7.458214285714284131e+01
7.458599999999999852e+01
7.456333333333331836e+01
7.454933333333332257e+01
7.452133333333333098e+01
7.423333333333333428e+01
7.366066666666667118e+01
7.274571428571429976e+01
7.170266666666665856e+01
7.144066666666667231e+01
7.219733333333333292e+01
7.268466666666667209e+01
7.320666666666666345e+01
7.350200000000000955e+01
7.372666666666667368e+01
7.390000000000000568e+01
7.386866666666666958e+01
7.388800000000000523e+01
7.378866666666664287e+01
7.375071428571429522e+01
7.327000000000001023e+01
7.320866666666668721e+01
7.304800000000000182e+01
7.322533333333332450e+01
7.332333333333330927e+01
7.344733333333333292e+01
7.341866666666665253e+01
7.342066666666667629e+01
7.345066666666667743e+01
7.346666666666666856e+01
7.351600000000000534e+01
7.348923076923075826e+01
7.359066666666667800e+01
7.355933333333334190e+01
7.381133333333332303e+01
7.380866666666665310e+01
7.394142857142857395e+01
7.392133333333335088e+01
7.397266666666665458e+01
7.400066666666666038e+01
7.397428571428572752e+01
7.394466666666666299e+01
7.395066666666667743e+01
7.390733333333332666e+01
7.377533333333333587e+01
7.357600000000000762e+01
7.340000000000000568e+01
7.336599999999999966e+01
7.325199999999999534e+01
7.326866666666667527e+01
7.313400000000000034e+01
7.318071428571428783e+01
7.297533333333332450e+01
7.240533333333333132e+01
7.217466666666665276e+01
7.229533333333333189e+01
7.240866666666666163e+01
7.247733333333333405e+01
7.245933333333333337e+01
7.245000000000003126e+01
7.265866666666666163e+01
7.308933333333334303e+01
7.342199999999999704e+01
7.364666666666667538e+01
7.377933333333332655e+01
7.375266666666666993e+01
7.376266666666667504e+01
7.379599999999999227e+01
7.375600000000000023e+01
7.372666666666667368e+01
7.378199999999998226e+01
7.379466666666665731e+01
7.379666666666665265e+01
7.382399999999999807e+01
7.386933333333332996e+01
7.377066666666668482e+01
7.362866666666666049e+01
7.365533333333333132e+01
7.354066666666666663e+01
7.347500000000000853e+01
7.345466666666668232e+01
7.351866666666664685e+01
7.369533333333335179e+01
7.379599999999999227e+01
7.389666666666668959e+01
7.399333333333333940e+01
7.412266666666664605e+01
7.421133333333334292e+01
7.401307692307692321e+01
7.394066666666665810e+01
7.385133333333331507e+01
7.385066666666665469e+01
7.371571428571428442e+01
7.345846153846153470e+01
7.338400000000000034e+01
7.332571428571429806e+01
7.332933333333333792e+01
7.346999999999999886e+01
7.348533333333332962e+01
7.368333333333333712e+01
7.383200000000000784e+01
7.424399999999998556e+01
7.452142857142857224e+01
7.459533333333334326e+01
