6.798000000000000398e+01
6.775000000000000000e+01
6.732999999999999829e+01
6.687999999999999545e+01
6.648999999999999488e+01
6.615999999999999659e+01
6.576999999999999602e+01
6.545999999999999375e+01
6.515999999999999659e+01
6.482999999999999829e+01
6.448999999999999488e+01
6.423999999999999488e+01
6.404000000000000625e+01
6.375000000000000000e+01
6.350000000000000000e+01
6.329999999999999716e+01
6.304999999999999716e+01
6.282000000000000028e+01
6.260000000000000142e+01
6.243999999999999773e+01
6.220000000000000284e+01
6.200999999999999801e+01
6.225999999999999801e+01
6.307000000000000028e+01
6.350000000000000000e+01
6.453000000000000114e+01
6.487000000000000455e+01
6.528000000000000114e+01
6.553000000000000114e+01
6.584000000000000341e+01
6.618000000000000682e+01
6.651999999999999602e+01
6.668999999999999773e+01
6.684999999999999432e+01
6.717000000000000171e+01
6.723999999999999488e+01
6.734999999999999432e+01
6.759999999999999432e+01
6.765999999999999659e+01
6.784000000000000341e+01
6.793000000000000682e+01
6.798000000000000398e+01
6.809000000000000341e+01
6.821999999999999886e+01
6.837999999999999545e+01
6.846999999999999886e+01
6.856000000000000227e+01
6.870000000000000284e+01
6.887999999999999545e+01
6.898999999999999488e+01
6.915000000000000568e+01
6.912000000000000455e+01
6.918999999999999773e+01
6.943999999999999773e+01
6.964000000000000057e+01
6.976000000000000512e+01
6.984000000000000341e+01
7.029000000000000625e+01
7.076999999999999602e+01
7.115000000000000568e+01
7.142000000000000171e+01
7.203000000000000114e+01
7.239000000000000057e+01
7.239000000000000057e+01
7.254999999999999716e+01
7.270000000000000284e+01
7.276999999999999602e+01
7.295000000000000284e+01
7.312999999999999545e+01
7.321999999999999886e+01
7.337999999999999545e+01
7.354000000000000625e+01
7.367000000000000171e+01
7.371999999999999886e+01
7.384999999999999432e+01
7.382999999999999829e+01
7.362999999999999545e+01
7.348999999999999488e+01
7.307833333333333314e+01
7.290399999999998215e+01
7.268800000000001660e+01
7.245333333333333314e+01
7.231199999999999761e+01
7.214133333333333553e+01
7.200133333333333496e+01
7.203466666666666640e+01
7.170599999999998886e+01
7.118266666666666254e+01
7.063200000000000500e+01
7.009799999999999898e+01
6.959400000000000830e+01
6.911466666666666470e+01
6.867333333333333201e+01
6.825333333333333030e+01
6.800066666666667459e+01
6.765066666666666606e+01
6.725066666666667459e+01
6.684071428571429863e+01
6.646200000000000330e+01
6.604733333333334144e+01
6.569199999999999307e+01
6.530533333333332280e+01
6.495000000000000284e+01
6.460800000000000409e+01
6.425000000000001421e+01
6.393799999999998818e+01
6.362066666666667203e+01
6.329533333333334610e+01
6.300466666666666526e+01
6.271466666666667322e+01
6.239266666666666339e+01
6.211400000000000432e+01
6.183200000000000074e+01
6.155600000000001160e+01
6.129733333333333434e+01
6.114785714285714135e+01
6.176066666666667260e+01
6.227399999999999380e+01
6.279000000000000625e+01
6.336428571428570677e+01
6.377666666666667084e+01
6.421533333333334781e+01
6.459133333333333837e+01
6.494533333333333758e+01
6.533400000000000318e+01
6.568733333333332780e+01
6.601333333333333542e+01
6.631400000000000716e+01
6.661800000000000921e+01
6.688999999999998636e+01
6.715466666666665674e+01
6.739799999999999613e+01
6.758333333333332860e+01
6.796199999999998909e+01
6.808200000000000784e+01
6.836600000000001387e+01
6.847266666666668300e+01
6.867066666666666208e+01
6.890666666666669471e+01
6.901133333333334008e+01
6.914857142857142946e+01
6.923133333333332473e+01
6.945599999999998886e+01
6.941266666666666652e+01
6.940733333333332666e+01
6.935400000000001342e+01
6.929133333333332700e+01
6.917666666666666231e+01
6.938733333333333064e+01
6.980533333333333701e+01
7.016133333333333155e+01
7.048666666666666458e+01
7.080642857142855462e+01
7.104733333333334144e+01
7.130733333333334656e+01
7.149333333333332519e+01
7.149799999999999045e+01
7.134466666666666868e+01
7.134600000000000364e+01
7.137066666666666492e+01
7.141733333333334599e+01
7.146466666666667322e+01
7.165866666666667584e+01
7.200642857142858588e+01
7.229466666666667152e+01
7.253066666666667572e+01
7.241133333333333155e+01
7.266133333333333155e+01
7.287600000000000477e+01
7.295000000000000284e+01
7.307733333333334258e+01
7.324333333333333940e+01
7.332866666666667754e+01
7.324266666666667902e+01
7.313000000000002387e+01
7.293266666666666254e+01
7.267733333333332268e+01
7.258666666666665890e+01
7.301200000000000045e+01
7.333400000000000318e+01
7.363600000000000989e+01
7.340933333333332200e+01
7.286733333333333462e+01
7.252533333333333587e+01
7.221066666666666833e+01
7.197466666666667834e+01
7.143333333333333712e+01
7.085214285714286575e+01
7.039933333333331689e+01
7.002199999999999136e+01
6.962333333333332064e+01
6.962466666666665560e+01
6.971466666666667322e+01
6.977333333333332632e+01
6.966133333333331734e+01
6.945133333333333781e+01
6.874466666666667436e+01
6.810333333333333883e+01
6.755266666666666708e+01
6.704733333333334144e+01
6.658200000000000784e+01
6.615133333333334065e+01
6.574200000000000443e+01
6.535999999999999943e+01
6.501399999999999579e+01
6.467599999999998772e+01
6.437000000000001876e+01
6.407999999999999829e+01
6.381133333333333724e+01
6.370866666666667300e+01
6.376714285714284358e+01
6.384133333333333127e+01
6.396999999999999886e+01
6.403999999999999204e+01
6.415466666666667095e+01
6.431066666666667686e+01
6.440933333333335042e+01
6.441642857142856826e+01
6.451399999999999579e+01
6.473666666666666458e+01
6.519599999999998374e+01
6.561933333333332996e+01
6.598999999999999488e+01
6.641933333333334133e+01
6.663142857142857167e+01
6.688133333333333042e+01
6.712266666666667447e+01
6.733866666666665424e+01
6.743266666666666254e+01
6.771066666666665412e+01
6.780666666666667197e+01
6.801133333333332587e+01
6.806933333333333280e+01
6.829400000000001114e+01
6.835466666666667379e+01
6.852866666666666617e+01
6.866799999999997794e+01
6.869266666666666765e+01
6.887866666666667470e+01
6.877599999999999625e+01
6.895066666666666322e+01
6.882133333333331393e+01
6.892333333333334622e+01
6.885999999999999943e+01
6.896933333333332428e+01
6.924933333333333962e+01
6.927399999999998670e+01
6.931866666666665822e+01
6.923933333333334872e+01
6.940571428571429635e+01
6.962600000000000477e+01
6.979928571428571615e+01
7.007733333333334258e+01
7.044333333333334224e+01
7.059866666666667356e+01
7.060466666666667379e+01
7.069866666666668209e+01
7.065600000000000591e+01
7.097066666666665924e+01
7.117928571428572582e+01
7.126800000000000068e+01
7.140466666666665674e+01
7.151333333333330700e+01
7.157200000000001694e+01
7.170133333333333781e+01
7.190800000000000125e+01
7.209133333333332416e+01
7.210866666666667868e+01
7.205666666666665776e+01
7.149200000000000443e+01
7.165200000000000102e+01
7.186466666666666470e+01
7.158200000000000784e+01
7.107266666666666310e+01
7.082599999999999341e+01
7.055066666666667174e+01
7.043066666666666720e+01
7.014533333333334042e+01
6.956133333333333724e+01
6.886066666666667402e+01
6.818600000000000705e+01
6.757533333333334724e+01
6.699733333333333007e+01
6.646785714285715585e+01
6.594666666666667254e+01
6.544866666666665367e+01
6.498799999999999955e+01
6.456333333333333258e+01
6.415266666666667561e+01
6.374933333333333252e+01
6.338133333333333752e+01
6.301533333333332365e+01
6.268066666666666009e+01
6.233666666666666600e+01
6.200866666666667726e+01
6.170600000000000307e+01
6.150666666666666060e+01
6.132199999999999562e+01
6.109933333333332683e+01
6.090933333333332200e+01
6.069466666666665589e+01
6.052266666666666595e+01
6.030133333333333212e+01
6.014666666666666117e+01
5.993999999999999062e+01
5.976399999999999579e+01
5.960600000000000165e+01
5.942666666666665520e+01
5.930333333333332746e+01
5.913714285714286234e+01
5.901400000000000290e+01
5.944666666666667254e+01
5.992999999999999972e+01
6.052599999999998914e+01
6.077466666666666129e+01
6.119333333333332092e+01
6.148733333333333206e+01
6.166666666666666430e+01
6.194266666666667476e+01
6.204600000000000648e+01
6.231533333333334923e+01
6.232399999999999096e+01
6.254999999999999716e+01
6.257666666666667510e+01
6.271733333333333604e+01
6.276866666666666816e+01
6.284199999999999875e+01
6.295066666666664901e+01
6.296333333333334537e+01
6.310266666666667845e+01
6.305466666666666242e+01
6.320666666666667055e+01
6.316066666666665697e+01
6.329466666666667152e+01
6.339399999999999835e+01
6.328266666666665685e+01
6.339800000000000324e+01
6.336733333333334173e+01
6.344142857142856684e+01
6.373333333333332007e+01
6.386599999999999966e+01
6.415466666666667095e+01
6.406266666666665799e+01
6.407600000000000762e+01
6.410133333333332928e+01
6.405600000000001160e+01
6.419466666666666299e+01
6.409000000000000341e+01
6.420133333333333781e+01
6.415533333333333132e+01
6.423399999999999466e+01
6.435666666666665492e+01
6.439199999999999591e+01
6.478333333333333144e+01
6.472733333333333405e+01
6.480428571428572582e+01
6.469799999999999329e+01
6.469733333333334713e+01
6.463733333333333064e+01
6.466799999999997794e+01
6.460999999999999943e+01
6.470000000000000284e+01
6.458133333333334747e+01
6.469533333333335179e+01
6.460600000000000875e+01
6.471999999999999886e+01
6.469066666666665810e+01
6.470133333333335202e+01
6.468866666666667697e+01
6.470599999999998886e+01
6.420800000000001262e+01
6.370428571428571729e+01
6.322933333333332939e+01
6.280666666666666487e+01
6.242200000000000415e+01
6.202999999999999403e+01
6.171600000000000108e+01
6.145400000000000063e+01
6.121399999999999153e+01
6.098466666666667635e+01
6.079599999999999937e+01
6.056799999999999784e+01
6.038733333333334485e+01
6.022333333333332916e+01
6.005066666666667885e+01
5.990999999999998948e+01
5.973866666666665992e+01
5.959999999999998721e+01
5.942799999999999017e+01
5.932399999999999807e+01
5.914928571428571047e+01
5.905799999999999272e+01
5.893499999999998806e+01
5.880142857142856627e+01
5.870133333333333070e+01
5.862133333333333951e+01
5.854066666666665952e+01
5.849133333333333695e+01
5.835400000000000631e+01
5.826066666666667260e+01
5.822333333333332916e+01
5.807599999999999341e+01
5.800800000000000978e+01
5.794466666666667010e+01
5.818499999999999517e+01
5.915999999999998948e+01
5.984199999999999875e+01
6.062466666666666981e+01
6.107000000000001450e+01
6.162400000000000944e+01
6.196333333333333826e+01
6.249000000000000909e+01
6.283799999999999386e+01
6.314428571428569370e+01
6.347866666666666902e+01
6.377333333333332632e+01
6.394800000000000040e+01
6.433266666666666822e+01
6.444866666666668209e+01
6.473933333333332030e+01
6.496266666666666367e+01
6.507866666666664912e+01
6.535999999999998522e+01
6.539666666666666117e+01
6.558866666666666845e+01
6.579599999999999227e+01
6.578399999999999181e+01
6.606933333333331859e+01
6.606999999999997897e+01
6.620666666666666345e+01
6.637600000000001899e+01
6.636133333333333439e+01
6.658533333333333815e+01
6.655533333333330859e+01
6.669066666666665810e+01
6.689466666666665162e+01
6.712800000000000011e+01
6.767466666666668118e+01
6.789533333333332621e+01
6.813466666666666072e+01
6.857733333333334258e+01
6.872866666666666902e+01
6.903733333333333633e+01
6.906666666666667709e+01
6.926333333333333542e+01
6.927000000000001023e+01
6.920933333333331916e+01
6.931199999999998340e+01
6.920666666666667766e+01
6.934133333333332416e+01
6.920066666666666322e+01
6.910357142857142776e+01
6.897266666666665458e+01
6.891200000000000614e+01
6.866333333333332689e+01
6.864200000000001012e+01
6.798666666666667879e+01
6.732733333333332837e+01
6.730933333333332769e+01
6.742133333333330825e+01
6.710799999999998988e+01
6.640466666666667095e+01
6.623999999999999488e+01
6.615857142857143458e+01
6.597866666666668323e+01
6.581599999999998829e+01
6.566066666666665697e+01
6.548466666666666924e+01
6.538266666666666538e+01
6.519466666666666299e+01
6.502533333333333587e+01
6.487800000000000011e+01
6.473200000000001353e+01
6.463133333333333042e+01
6.443266666666666254e+01
6.426600000000000534e+01
6.418733333333334201e+01
6.408799999999999386e+01
6.394933333333333536e+01
6.384785714285714420e+01
6.378000000000000114e+01
6.365533333333333132e+01
6.359733333333333150e+01
6.357266666666666310e+01
6.348133333333332473e+01
6.343866666666666276e+01
6.343133333333332047e+01
6.323599999999999710e+01
6.249785714285714988e+01
6.254866666666666930e+01
6.261133333333334861e+01
6.262199999999999278e+01
6.265357142857142492e+01
6.260133333333333638e+01
6.263599999999999568e+01
6.263066666666666293e+01
6.262400000000000944e+01
6.262800000000000722e+01
6.303714285714285381e+01
6.337800000000000011e+01
6.364599999999999369e+01
6.386599999999999966e+01
6.411230769230768090e+01
6.433400000000001739e+01
6.466307692307692889e+01
6.481466666666666754e+01
6.499399999999999977e+01
6.516333333333334110e+01
6.531571428571427873e+01
6.543533333333331825e+01
6.555399999999998784e+01
6.576133333333331166e+01
6.592799999999999727e+01
6.605800000000000693e+01
6.620266666666670119e+01
6.633000000000001251e+01
6.644466666666666299e+01
6.652799999999999159e+01
6.678933333333334588e+01
6.679866666666664798e+01
6.704066666666668084e+01
6.705400000000000205e+01
6.721666666666666856e+01
6.724066666666665526e+01
6.737428571428570478e+01
6.743799999999997397e+01
6.757733333333334258e+01
6.763266666666667959e+01
6.779800000000000182e+01
6.784333333333333371e+01
6.793357142857142605e+01
6.798071428571429919e+01
6.810999999999998522e+01
6.834133333333332416e+01
6.863133333333333042e+01
6.882733333333334258e+01
6.910399999999999920e+01
6.927399999999998670e+01
6.943000000000000682e+01
6.972733333333331984e+01
7.020333333333333314e+01
7.007933333333332371e+01
7.032733333333334258e+01
7.044266666666666765e+01
7.054999999999996874e+01
7.067357142857143515e+01
7.072533333333335293e+01
7.071000000000000796e+01
7.080733333333334656e+01
7.091933333333332712e+01
7.102400000000001512e+01
7.116599999999999682e+01
7.127666666666665662e+01
7.136933333333332996e+01
7.149199999999999022e+01
7.159600000000000364e+01
7.173733333333331075e+01
7.185333333333333883e+01
7.188733333333333064e+01
7.194199999999999307e+01
7.194666666666665833e+01
7.183714285714286518e+01
7.150533333333332564e+01
7.094066666666665810e+01
7.045000000000000284e+01
7.002733333333334542e+01
6.972066666666665924e+01
6.942533333333332735e+01
6.916066666666667118e+01
6.890599999999999170e+01
6.867800000000001148e+01
6.856600000000000250e+01
6.833285714285713652e+01
6.841133333333335997e+01
6.820933333333331916e+01
6.810666666666665492e+01
6.784799999999999898e+01
6.780466666666667663e+01
6.753066666666667572e+01
6.744666666666667254e+01
6.731400000000000716e+01
6.731600000000000250e+01
6.712466666666666981e+01
6.682600000000000762e+01
6.594666666666667254e+01
6.512066666666666492e+01
6.440133333333334065e+01
6.374733333333333007e+01
6.314933333333333110e+01
6.260466666666666669e+01
6.208733333333332638e+01
6.161200000000000898e+01
6.114133333333334264e+01
6.069533333333333758e+01
6.062266666666666737e+01
6.111866666666666248e+01
6.134199999999999164e+01
6.156666666666666998e+01
6.167466666666665986e+01
6.186333333333332973e+01
6.202933333333332655e+01
6.266466666666666896e+01
6.295000000000000995e+01
6.330266666666667419e+01
6.364866666666667072e+01
6.392066666666666919e+01
6.411533333333333928e+01
6.438800000000000523e+01
6.463533333333333530e+01
6.479533333333331768e+01
6.505333333333334167e+01
6.519333333333332803e+01
6.532466666666665844e+01
6.558400000000000318e+01
6.568599999999999284e+01
6.588200000000000500e+01
6.596866666666667811e+01
6.604799999999998761e+01
6.613666666666668448e+01
6.643785714285715471e+01
6.638866666666667982e+01
6.658066666666668709e+01
6.668000000000000682e+01
6.677333333333332632e+01
6.684333333333330529e+01
6.690733333333332666e+01
6.701066666666666549e+01
6.704666666666665265e+01
6.747466666666666413e+01
6.835266666666667845e+01
6.913666666666667027e+01
6.959866666666665935e+01
7.015666666666668050e+01
7.028666666666666174e+01
7.028928571428571104e+01
7.009399999999999409e+01
7.001733333333332610e+01
6.977599999999999625e+01
6.984600000000000364e+01
6.989133333333332132e+01
7.001076923076922753e+01
7.045000000000000284e+01
7.081133333333333724e+01
7.072214285714285609e+01
7.073933333333334872e+01
7.083866666666668266e+01
7.060666666666665492e+01
6.995857142857141753e+01
6.946733333333331473e+01
6.908533333333333815e+01
6.879866666666666219e+01
6.852466666666667550e+01
6.864199999999999591e+01
6.963666666666667027e+01
7.032799999999998875e+01
7.096933333333335270e+01
7.134666666666664980e+01
7.176928571428571502e+01
7.198533333333331541e+01
7.225000000000000000e+01
7.237066666666666492e+01
7.242333333333336043e+01
7.165500000000000114e+01
7.104600000000000648e+01
7.053866666666665708e+01
7.018866666666666276e+01
6.980799999999999272e+01
6.953400000000000603e+01
6.903933333333333167e+01
6.832600000000000762e+01
6.760133333333332928e+01
6.698199999999999932e+01
6.651133333333335429e+01
6.610133333333332928e+01
6.576933333333333564e+01
6.552533333333333587e+01
6.533666666666664469e+01
6.522200000000002262e+01
6.516466666666666185e+01
6.497571428571428953e+01
6.432399999999999807e+01
6.369000000000000483e+01
6.314866666666666362e+01
6.263333333333333286e+01
6.213800000000000523e+01
6.167142857142857082e+01
6.122466666666665702e+01
6.083666666666666600e+01
6.046400000000001285e+01
6.017000000000000881e+01
6.046666666666667567e+01
6.105666666666666487e+01
6.140399999999999636e+01
6.168533333333332536e+01
6.201571428571429578e+01
6.214866666666667783e+01
6.242266666666667874e+01
6.242666666666666941e+01
6.248266666666666680e+01
6.274066666666666237e+01
6.291499999999999915e+01
6.298800000000000665e+01
6.311466666666667891e+01
6.320466666666666100e+01
6.331200000000000472e+01
6.336200000000000898e+01
6.339933333333333110e+01
6.337533333333332308e+01
6.342199999999998994e+01
6.359133333333333837e+01
6.358533333333333104e+01
6.366733333333332467e+01
6.370200000000000529e+01
6.365800000000000125e+01
6.365400000000001057e+01
6.370599999999999596e+01
6.387466666666666271e+01
6.410533333333333417e+01
6.430466666666666242e+01
6.443071428571427361e+01
6.469733333333334713e+01
6.484466666666666868e+01
6.499000000000000909e+01
6.518933333333332314e+01
6.523399999999999466e+01
6.541733333333333178e+01
6.552066666666665640e+01
6.564000000000001478e+01
6.576714285714284358e+01
6.594214285714288337e+01
6.609466666666665446e+01
6.617066666666666208e+01
6.660066666666666890e+01
6.741733333333333178e+01
6.808466666666666356e+01
6.870999999999999375e+01
6.929866666666666219e+01
6.983400000000001739e+01
7.019800000000000750e+01
7.057769230769231683e+01
7.057133333333332814e+01
7.057866666666667754e+01
7.077866666666666617e+01
7.094933333333331404e+01
7.113266666666666538e+01
7.128466666666668061e+01
7.155733333333334656e+01
7.178599999999998715e+01
7.194285714285715017e+01
7.212600000000000477e+01
7.230266666666668129e+01
7.234000000000000341e+01
7.220266666666665856e+01
7.269999999999998863e+01
7.279199999999997317e+01
7.282399999999999807e+01
7.280466666666666242e+01
7.260733333333332951e+01
7.176666666666666572e+01
7.097666666666667368e+01
7.028866666666665708e+01
6.965333333333333599e+01
6.906133333333333724e+01
6.849785714285714278e+01
6.799428571428572354e+01
6.750600000000001444e+01
6.705133333333333212e+01
6.663466666666666072e+01
6.623333333333333428e+01
6.584733333333333860e+01
6.548133333333333894e+01
6.509399999999999409e+01
6.461866666666665537e+01
6.414133333333333553e+01
6.365733333333333377e+01
6.318866666666666276e+01
6.273199999999998511e+01
6.228333333333333144e+01
6.187866666666666760e+01
6.148266666666666680e+01
6.109133333333333127e+01
6.071000000000000085e+01
6.038799999999999812e+01
6.012533333333332308e+01
5.992333333333332490e+01
6.017799999999999727e+01
6.105933333333333479e+01
6.165466666666666384e+01
6.215266666666666140e+01
6.246071428571428896e+01
6.285799999999999699e+01
6.326599999999999113e+01
6.369933333333332115e+01
6.396600000000000108e+01
6.431066666666667686e+01
6.467066666666667629e+01
6.491428571428569683e+01
6.528066666666666151e+01
6.548199999999998511e+01
6.569266666666666765e+01
6.593466666666667209e+01
6.611333333333332973e+01
6.631933333333333280e+01
6.652266666666666595e+01
6.681199999999999761e+01
6.684000000000000341e+01
6.709066666666667800e+01
6.711999999999999034e+01
6.737599999999999056e+01
6.733666666666665890e+01
6.742600000000000193e+01
6.755199999999999250e+01
6.762733333333332553e+01
6.765733333333332666e+01
6.780866666666665310e+01
6.785800000000000409e+01
6.794200000000000728e+01
6.796666666666666856e+01
6.809599999999998943e+01
6.810599999999998033e+01
6.845714285714284131e+01
6.937599999999999056e+01
7.002533333333333587e+01
7.052199999999999136e+01
7.061733333333332041e+01
7.049600000000000932e+01
7.051999999999999602e+01
7.064600000000000080e+01
7.077071428571427703e+01
7.082533333333334724e+01
7.112133333333333951e+01
7.152399999999998670e+01
7.193000000000000682e+01
7.224600000000000932e+01
7.253733333333330791e+01
7.270866666666667300e+01
7.242933333333331802e+01
7.231533333333332791e+01
7.184428571428570365e+01
7.138799999999999102e+01
7.108933333333332882e+01
7.119357142857141696e+01
7.134533333333332905e+01
7.136333333333331552e+01
7.165866666666666163e+01
7.170333333333333314e+01
7.181071428571428328e+01
7.192066666666666208e+01
7.187266666666667447e+01
7.185466666666665958e+01
7.189400000000000546e+01
7.198600000000000421e+01
7.211533333333333928e+01
7.214857142857142946e+01
7.159666666666666401e+01
7.103600000000000136e+01
7.053533333333334099e+01
7.006266666666668641e+01
6.960866666666667868e+01
6.896933333333335270e+01
6.827928571428572013e+01
6.759399999999999409e+01
6.693933333333333735e+01
6.630866666666665310e+01
6.571999999999999886e+01
6.517599999999998772e+01
6.465933333333335042e+01
6.417933333333333223e+01
6.371600000000000108e+01
6.328933333333333877e+01
6.288466666666668203e+01
6.246799999999999642e+01
6.207600000000000051e+01
6.168600000000000705e+01
6.130599999999999739e+01
6.093866666666666987e+01
6.057399999999999807e+01
6.019066666666666521e+01
5.993428571428570706e+01
6.013071428571429067e+01
6.040599999999999170e+01
6.102733333333332411e+01
6.158800000000000097e+01
6.204733333333334144e+01
6.237666666666667226e+01
6.276999999999999602e+01
6.318600000000000705e+01
6.348266666666666680e+01
6.380066666666667174e+01
6.406666666666667709e+01
6.437142857142858077e+01
6.470733333333333803e+01
6.497066666666665924e+01
6.522666666666667368e+01
6.545000000000001705e+01
6.575466666666665105e+01
6.602533333333332166e+01
6.622666666666667368e+01
6.644733333333331871e+01
6.660666666666666913e+01
6.684533333333332905e+01
6.698600000000001842e+01
6.708071428571427930e+01
6.717866666666665765e+01
6.748133333333333894e+01
6.757599999999997920e+01
6.780933333333332769e+01
6.786533333333333928e+01
6.807533333333334724e+01
6.821266666666666367e+01
6.831266666666667220e+01
6.853866666666665708e+01
6.850666666666666060e+01
6.870800000000001262e+01
6.867533333333334156e+01
6.885857142857140900e+01
6.887800000000000011e+01
6.920999999999999375e+01
6.942642857142857338e+01
6.971866666666664969e+01
6.974000000000000909e+01
6.975600000000001444e+01
6.977999999999998693e+01
7.012733333333332553e+01
6.999800000000000466e+01
6.998933333333333451e+01
6.998199999999999932e+01
7.004266666666666197e+01
7.003666666666664753e+01
7.016600000000001103e+01
7.033071428571427930e+01
7.087599999999999056e+01
7.095866666666667300e+01
7.113533333333333530e+01
7.136466666666665049e+01
7.156199999999999761e+01
7.169333333333334224e+01
7.183533333333335236e+01
7.201066666666666549e+01
7.210333333333332462e+01
7.226533333333331655e+01
7.234466666666666868e+01
7.245066666666667743e+01
7.257333333333332348e+01
7.270066666666667743e+01
7.286866666666666958e+01
7.297399999999998954e+01
7.314866666666667072e+01
7.317071428571429692e+01
7.324466666666667436e+01
7.288666666666668448e+01
7.210999999999998522e+01
7.132733333333332837e+01
7.060666666666665492e+01
6.993399999999999750e+01
6.928866666666667129e+01
6.867571428571429237e+01
6.812733333333332553e+01
6.759266666666665913e+01
6.708333333333334281e+01
6.658000000000001251e+01
6.614400000000000546e+01
6.571333333333332405e+01
6.531199999999999761e+01
6.491599999999999682e+01
6.448466666666665503e+01
6.410933333333333906e+01
6.374266666666667192e+01
6.339199999999998880e+01
6.306266666666666509e+01
6.273400000000000887e+01
6.240466666666667095e+01
6.210000000000000142e+01
6.179133333333332700e+01
6.149333333333333940e+01
6.121199999999999619e+01
6.092933333333333223e+01
6.064533333333334042e+01
6.036933333333333707e+01
6.010066666666666890e+01
5.984199999999998454e+01
5.958533333333333104e+01
5.970933333333333337e+01
6.044666666666667254e+01
6.071999999999999886e+01
6.104733333333333434e+01
6.134142857142857252e+01
6.172533333333333161e+01
6.182000000000000739e+01
6.197066666666668056e+01
6.219599999999999085e+01
6.223866666666667413e+01
6.236000000000000654e+01
6.247733333333333405e+01
6.252266666666665884e+01
6.255285714285714249e+01
6.268866666666666987e+01
6.262866666666664628e+01
6.274400000000000688e+01
6.273466666666666214e+01
6.279066666666666663e+01
6.292666666666666941e+01
6.285133333333332217e+01
6.302800000000000580e+01
6.304733333333334144e+01
6.302571428571427958e+01
6.296600000000000819e+01
6.308799999999999386e+01
6.307466666666665844e+01
6.307399999999999807e+01
6.311200000000000188e+01
6.311928571428570933e+01
6.320066666666667032e+01
6.311928571428570223e+01
6.324066666666666237e+01
6.327399999999999380e+01
6.332000000000000028e+01
6.321466666666665901e+01
6.332066666666665355e+01
6.332266666666666310e+01
6.339400000000001256e+01
6.338133333333333042e+01
6.333600000000001273e+01
6.341499999999999915e+01
6.333066666666665867e+01
6.348733333333333206e+01
6.344642857142856940e+01
6.343666666666666032e+01
6.349399999999999267e+01
6.354866666666666930e+01
6.344399999999999551e+01
6.349466666666667436e+01
6.359400000000000830e+01
6.351666666666667282e+01
6.355399999999998784e+01
6.361714285714284500e+01
6.363799999999999812e+01
6.367733333333333690e+01
6.383133333333333326e+01
6.381266666666667930e+01
6.383600000000001273e+01
6.384866666666667356e+01
6.327266666666665884e+01
6.254599999999999937e+01
6.199666666666666970e+01
6.157466666666666555e+01
6.113199999999999079e+01
6.082933333333333081e+01
6.059200000000000585e+01
6.033533333333332394e+01
6.020066666666666322e+01
5.994733333333333292e+01
5.971999999999999176e+01
5.959666666666667112e+01
5.937400000000000944e+01
5.922733333333332695e+01
5.907799999999999585e+01
5.893599999999999994e+01
5.884733333333331728e+01
5.863666666666667027e+01
5.862000000000000455e+01
5.847333333333333627e+01
5.828133333333333610e+01
5.827933333333332655e+01
5.810933333333333906e+01
5.807533333333331882e+01
5.789714285714286035e+01
5.782999999999999119e+01
5.770714285714284841e+01
5.773533333333333672e+01
5.758799999999999386e+01
5.746533333333333360e+01
5.741799999999999926e+01
5.757266666666667732e+01
5.844000000000000483e+01
5.894866666666666077e+01
5.950466666666666526e+01
6.024599999999999511e+01
6.082066666666666066e+01
6.143866666666666276e+01
6.191533333333333644e+01
6.250866666666668436e+01
6.293466666666666498e+01
6.347866666666666902e+01
6.385933333333333195e+01
6.424133333333332985e+01
6.464066666666666094e+01
6.495733333333333803e+01
6.531866666666665822e+01
6.565466666666667095e+01
6.590733333333334087e+01
6.633933333333334303e+01
6.647266666666666879e+01
6.684733333333332439e+01
6.706599999999998829e+01
6.723666666666666458e+01
6.762466666666668402e+01
6.772066666666665924e+01
6.804333333333335077e+01
6.819000000000002615e+01
6.837928571428571445e+01
6.864733333333333576e+01
6.870733333333333803e+01
6.898733333333332496e+01
6.899928571428571900e+01
6.921399999999998442e+01
6.931199999999998340e+01
6.939333333333334508e+01
6.948200000000001353e+01
6.943733333333334201e+01
6.942466666666665276e+01
6.935133333333332928e+01
6.924199999999999022e+01
6.914666666666667538e+01
6.903666666666666174e+01
6.902533333333330745e+01
6.892800000000001148e+01
6.886400000000000432e+01
6.885666666666665492e+01
6.876533333333331655e+01
6.878866666666665708e+01
6.906000000000000227e+01
6.919800000000000750e+01
6.924000000000000909e+01
6.925866666666665594e+01
6.929666666666665265e+01
6.917571428571427816e+01
6.921066666666668254e+01
6.905533333333332280e+01
6.892133333333332246e+01
6.871933333333335270e+01
6.835733333333334372e+01
6.763200000000000500e+01
6.696533333333333360e+01
6.635428571428572297e+01
6.582333333333332348e+01
6.533799999999999386e+01
6.538333333333332575e+01
6.543266666666667675e+01
6.547666666666667368e+01
6.548066666666666436e+01
6.547600000000002751e+01
6.545066666666667743e+01
6.535599999999999454e+01
6.532399999999998386e+01
6.526866666666666106e+01
6.518866666666667697e+01
6.517266666666664321e+01
6.506533333333332791e+01
6.498800000000001376e+01
6.493466666666667209e+01
6.478733333333333633e+01
6.467714285714285438e+01
6.454866666666666219e+01
6.443333333333333712e+01
6.428199999999999648e+01
6.419066666666665810e+01
6.409733333333335281e+01
6.401866666666667527e+01
6.378666666666665463e+01
6.307466666666666555e+01
6.255666666666666487e+01
6.264933333333333110e+01
6.263133333333333752e+01
6.258066666666665867e+01
6.258733333333334770e+01
6.248400000000001597e+01
6.243333333333334423e+01
6.235133333333333638e+01
6.231733333333334457e+01
6.241666666666666430e+01
6.273933333333332740e+01
6.292333333333332490e+01
6.315666666666667339e+01
6.332933333333333081e+01
6.342266666666667163e+01
6.354266666666665486e+01
6.358600000000000563e+01
6.376733333333333320e+01
6.378533333333334099e+01
6.391933333333332001e+01
6.391400000000000148e+01
6.411466666666666470e+01
6.403933333333333167e+01
6.404333333333333655e+01
6.402866666666666617e+01
6.405714285714286405e+01
6.398733333333333917e+01
6.396428571428571530e+01
6.396599999999999397e+01
6.401399999999999579e+01
6.391399999999999437e+01
6.404533333333333189e+01
6.387357142857143089e+01
6.397266666666666168e+01
6.394999999999999574e+01
6.391071428571428470e+01
6.394000000000000483e+01
6.385133333333332928e+01
6.376933333333333564e+01
6.378800000000000381e+01
6.369133333333333979e+01
6.364933333333333110e+01
6.357399999999999096e+01
6.350866666666664884e+01
6.348599999999999710e+01
6.332714285714286007e+01
6.324714285714286177e+01
6.312866666666668181e+01
6.307733333333332837e+01
6.293399999999999039e+01
6.289599999999998658e+01
6.276199999999999335e+01
6.269799999999999329e+01
6.262933333333332087e+01
6.257666666666666799e+01
6.248066666666667146e+01
6.247133333333333383e+01
6.241200000000001324e+01
6.236500000000000199e+01
6.221600000000001529e+01
6.241333333333334110e+01
6.262199999999999989e+01
6.272666666666667368e+01
6.294533333333333047e+01
6.290133333333332644e+01
6.311333333333332973e+01
6.306600000000000250e+01
6.265400000000000347e+01
6.228800000000000381e+01
6.183933333333332882e+01
6.162533333333333019e+01
6.121066666666666123e+01
6.087600000000000477e+01
6.040666666666665918e+01
6.016399999999999437e+01
5.978666666666665463e+01
5.958733333333334770e+01
5.927466666666667550e+01
5.910200000000001097e+01
5.888857142857142435e+01
5.872600000000000620e+01
5.853866666666667129e+01
5.821066666666666123e+01
5.753000000000000114e+01
5.685800000000001120e+01
5.644199999999999307e+01
5.652866666666667328e+01
5.703933333333332456e+01
5.728666666666666885e+01
5.766133333333332445e+01
5.786000000000000654e+01
5.819666666666667254e+01
5.834799999999999898e+01
5.860714285714285410e+01
5.880466666666665532e+01
5.898400000000000176e+01
5.912933333333334218e+01
5.919466666666666299e+01
5.939066666666666805e+01
5.936066666666666691e+01
5.957533333333334014e+01
5.954333333333333655e+01
5.974285714285713311e+01
5.970999999999999375e+01
5.986933333333332996e+01
5.987133333333333951e+01
5.996866666666665679e+01
6.003999999999999204e+01
6.009066666666667089e+01
6.017533333333333445e+01
6.013466666666666782e+01
6.032600000000000051e+01
6.023800000000001376e+01
6.038199999999999790e+01
6.034266666666667334e+01
6.047133333333333383e+01
6.042066666666665498e+01
6.053333333333333854e+01
6.071733333333333604e+01
6.063466666666666782e+01
6.075399999999999778e+01
6.086533333333332507e+01
6.075599999999999312e+01
6.090733333333334087e+01
6.089866666666667072e+01
6.086533333333332507e+01
6.103066666666666862e+01
6.094333333333331382e+01
6.103933333333332456e+01
6.113733333333333064e+01
6.103466666666666640e+01
6.118400000000000460e+01
6.105866666666666021e+01
6.122999999999998977e+01
6.139933333333333820e+01
6.188133333333333042e+01
6.267999999999999972e+01
6.325533333333334696e+01
6.387733333333333974e+01
6.453133333333333610e+01
6.518866666666666276e+01
6.571866666666666390e+01
6.612666666666666515e+01
6.789000000000000057e+01
6.803933333333331746e+01
6.849733333333333007e+01
6.878866666666665708e+01
6.928400000000000603e+01
6.956733333333333746e+01
6.992599999999998772e+01
7.013066666666667004e+01
7.033266666666668243e+01
7.043200000000000216e+01
7.060266666666666424e+01
7.055266666666666708e+01
7.067333333333333201e+01
7.079066666666666663e+01
7.056799999999999784e+01
6.967266666666667163e+01
6.886533333333333928e+01
6.808533333333335236e+01
6.737000000000000455e+01
6.670400000000000773e+01
6.622533333333335293e+01
6.585999999999999943e+01
6.554666666666665265e+01
6.507999999999999829e+01
