5.909000000000000341e+01
5.890999999999999659e+01
5.885999999999999943e+01
5.872999999999999687e+01
5.854999999999999716e+01
5.847999999999999687e+01
5.836999999999999744e+01
5.828000000000000114e+01
5.817000000000000171e+01
5.811999999999999744e+01
5.806000000000000227e+01
5.811999999999999744e+01
5.814000000000000057e+01
5.810000000000000142e+01
5.806000000000000227e+01
5.799000000000000199e+01
5.796000000000000085e+01
5.789999999999999858e+01
5.785000000000000142e+01
5.793999999999999773e+01
5.811999999999999744e+01
5.832000000000000028e+01
5.859000000000000341e+01
5.885999999999999943e+01
5.914000000000000057e+01
5.945000000000000284e+01
5.989999999999999858e+01
6.031000000000000227e+01
6.061999999999999744e+01
6.092999999999999972e+01
6.128999999999999915e+01
6.163000000000000256e+01
6.184000000000000341e+01
6.203999999999999915e+01
6.228999999999999915e+01
6.256000000000000227e+01
6.300000000000000000e+01
6.322999999999999687e+01
6.390999999999999659e+01
6.517000000000000171e+01
6.714000000000000057e+01
6.848999999999999488e+01
7.076999999999999602e+01
7.262999999999999545e+01
7.425000000000000000e+01
7.595999999999999375e+01
7.737999999999999545e+01
7.848999999999999488e+01
7.929000000000000625e+01
7.993000000000000682e+01
8.048999999999999488e+01
8.098000000000000398e+01
8.120999999999999375e+01
8.145000000000000284e+01
8.137000000000000455e+01
8.114000000000000057e+01
8.076000000000000512e+01
8.034999999999999432e+01
7.995000000000000284e+01
7.954000000000000625e+01
7.895999999999999375e+01
7.823999999999999488e+01
7.695999999999999375e+01
7.515000000000000568e+01
7.317000000000000171e+01
7.143999999999999773e+01
6.981999999999999318e+01
6.840999999999999659e+01
6.715000000000000568e+01
6.610999999999999943e+01
6.526000000000000512e+01
6.457999999999999829e+01
6.389999999999999858e+01
6.334000000000000341e+01
6.292000000000000171e+01
6.256000000000000227e+01
6.220000000000000284e+01
6.196999999999999886e+01
6.174000000000000199e+01
6.152000000000000313e+01
6.135999999999999943e+01
6.128999999999999915e+01
6.122999999999999687e+01
6.114000000000000057e+01
6.096000000000000085e+01
6.097999999999999687e+01
6.096000000000000085e+01
6.096000000000000085e+01
6.090999999999999659e+01
6.075000000000000000e+01
6.067000000000000171e+01
6.060000000000000142e+01
6.057000000000000028e+01
6.049000000000000199e+01
6.047999999999999687e+01
6.049000000000000199e+01
6.046000000000000085e+01
6.036999999999999744e+01
6.039000000000000057e+01
6.036999999999999744e+01
6.031000000000000227e+01
6.032999999999999829e+01
6.025999999999999801e+01
6.021000000000000085e+01
6.014999999999999858e+01
6.018999999999999773e+01
6.013000000000000256e+01
6.010000000000000142e+01
6.007999999999999829e+01
5.999000000000000199e+01
5.996999999999999886e+01
5.992000000000000171e+01
5.989999999999999858e+01
5.989999999999999858e+01
5.996999999999999886e+01
6.003000000000000114e+01
6.010000000000000142e+01
6.018999999999999773e+01
6.035000000000000142e+01
6.053000000000000114e+01
6.097999999999999687e+01
6.163000000000000256e+01
6.235000000000000142e+01
6.335999999999999943e+01
6.442000000000000171e+01
6.556999999999999318e+01
6.692000000000000171e+01
6.848999999999999488e+01
7.018000000000000682e+01
7.184999999999999432e+01
7.329000000000000625e+01
7.464000000000000057e+01
7.573999999999999488e+01
7.706999999999999318e+01
7.807999999999999829e+01
7.956000000000000227e+01
8.092000000000000171e+01
8.206000000000000227e+01
8.303000000000000114e+01
8.390999999999999659e+01
8.471999999999999886e+01
8.493999999999999773e+01
8.448999999999999488e+01
8.404000000000000625e+01
8.329999999999999716e+01
8.254000000000000625e+01
8.148000000000000398e+01
8.017000000000000171e+01
7.889000000000000057e+01
7.745000000000000284e+01
7.632999999999999829e+01
7.534000000000000341e+01
7.454999999999999716e+01
7.381000000000000227e+01
7.312999999999999545e+01
7.250000000000000000e+01
7.220999999999999375e+01
7.218999999999999773e+01
7.184999999999999432e+01
7.126000000000000512e+01
7.051999999999999602e+01
6.976000000000000512e+01
6.895000000000000284e+01
6.820000000000000284e+01
6.762000000000000455e+01
6.706000000000000227e+01
6.671999999999999886e+01
6.646999999999999886e+01
6.626999999999999602e+01
6.606999999999999318e+01
6.604000000000000625e+01
6.600000000000000000e+01
6.604000000000000625e+01
6.606999999999999318e+01
6.609000000000000341e+01
6.606000000000000227e+01
6.600000000000000000e+01
6.593000000000000682e+01
6.584000000000000341e+01
6.581999999999999318e+01
6.581999999999999318e+01
6.581999999999999318e+01
6.579000000000000625e+01
6.579000000000000625e+01
6.581999999999999318e+01
6.581999999999999318e+01
6.576999999999999602e+01
6.579000000000000625e+01
6.575000000000000000e+01
6.576999999999999602e+01
6.573000000000000398e+01
6.570999999999999375e+01
6.570999999999999375e+01
6.570999999999999375e+01
6.589000000000000057e+01
6.570000000000000284e+01
6.554999999999999716e+01
6.548000000000000398e+01
6.537000000000000455e+01
6.526000000000000512e+01
6.520999999999999375e+01
6.512000000000000455e+01
6.476000000000000512e+01
6.456000000000000227e+01
6.432999999999999829e+01
6.409000000000000341e+01
6.389999999999999858e+01
6.371999999999999886e+01
6.388000000000000256e+01
6.353999999999999915e+01
6.365999999999999659e+01
6.342999999999999972e+01
6.364000000000000057e+01
6.350000000000000000e+01
6.357000000000000028e+01
6.370000000000000284e+01
6.357000000000000028e+01
6.375000000000000000e+01
6.370000000000000284e+01
6.371999999999999886e+01
6.375000000000000000e+01
6.440000000000000568e+01
6.479999999999999716e+01
6.518999999999999773e+01
6.570000000000000284e+01
6.593000000000000682e+01
6.651000000000000512e+01
6.779999999999999716e+01
6.871999999999999886e+01
6.998000000000000398e+01
7.142000000000000171e+01
7.443000000000000682e+01
7.607999999999999829e+01
7.756000000000000227e+01
7.821999999999999886e+01
7.959000000000000341e+01
8.031000000000000227e+01
8.118999999999999773e+01
8.187999999999999545e+01
8.218000000000000682e+01
8.200000000000000000e+01
8.168000000000000682e+01
8.135999999999999943e+01
8.120999999999999375e+01
8.093999999999999773e+01
8.073000000000000398e+01
8.021999999999999886e+01
7.937999999999999545e+01
7.848999999999999488e+01
7.746999999999999886e+01
7.634999999999999432e+01
7.501999999999999602e+01
7.331000000000000227e+01
7.192000000000000171e+01
7.070000000000000284e+01
6.970999999999999375e+01
6.884999999999999432e+01
6.812999999999999545e+01
6.745999999999999375e+01
6.696999999999999886e+01
6.645000000000000284e+01
6.604000000000000625e+01
6.570999999999999375e+01
6.540999999999999659e+01
6.518999999999999773e+01
6.489000000000000057e+01
6.467000000000000171e+01
6.443999999999999773e+01
6.417000000000000171e+01
6.389999999999999858e+01
6.360999999999999943e+01
6.340999999999999659e+01
6.317999999999999972e+01
6.307000000000000028e+01
6.285000000000000142e+01
6.260000000000000142e+01
6.239999999999999858e+01
6.213000000000000256e+01
6.203999999999999915e+01
6.189999999999999858e+01
6.167999999999999972e+01
6.156000000000000227e+01
6.139000000000000057e+01
6.128999999999999915e+01
6.115999999999999659e+01
6.103000000000000114e+01
6.096000000000000085e+01
6.086999999999999744e+01
6.085000000000000142e+01
6.072999999999999687e+01
6.068999999999999773e+01
6.060000000000000142e+01
6.049000000000000199e+01
6.046000000000000085e+01
6.032999999999999829e+01
6.024000000000000199e+01
6.018999999999999773e+01
5.952000000000000313e+01
5.932000000000000028e+01
5.920000000000000284e+01
5.917999999999999972e+01
5.889000000000000057e+01
5.892999999999999972e+01
5.902000000000000313e+01
5.884000000000000341e+01
5.868999999999999773e+01
5.882000000000000028e+01
5.897999999999999687e+01
5.907000000000000028e+01
5.910999999999999943e+01
5.928999999999999915e+01
5.971999999999999886e+01
6.007999999999999829e+01
6.046000000000000085e+01
6.111999999999999744e+01
6.178999999999999915e+01
6.260000000000000142e+01
6.346000000000000085e+01
6.468999999999999773e+01
6.598000000000000398e+01
6.734999999999999432e+01
6.871999999999999886e+01
7.010999999999999943e+01
7.143999999999999773e+01
7.284000000000000341e+01
7.420999999999999375e+01
7.510999999999999943e+01
7.596999999999999886e+01
7.695000000000000284e+01
7.792000000000000171e+01
7.879999999999999716e+01
7.970000000000000284e+01
8.046999999999999886e+01
8.109000000000000341e+01
8.140999999999999659e+01
8.154000000000000625e+01
8.168000000000000682e+01
8.160999999999999943e+01
8.160999999999999943e+01
8.145999999999999375e+01
8.118000000000000682e+01
8.073999999999999488e+01
8.021999999999999886e+01
7.976999999999999602e+01
7.929999999999999716e+01
7.890999999999999659e+01
7.842000000000000171e+01
7.771999999999999886e+01
7.685999999999999943e+01
7.567000000000000171e+01
7.398000000000000398e+01
7.195999999999999375e+01
7.025000000000000000e+01
6.868000000000000682e+01
6.737000000000000455e+01
6.629000000000000625e+01
6.540999999999999659e+01
6.468999999999999773e+01
6.406000000000000227e+01
6.354999999999999716e+01
6.311999999999999744e+01
6.279999999999999716e+01
6.249000000000000199e+01
6.225999999999999801e+01
6.210999999999999943e+01
6.196999999999999886e+01
6.177000000000000313e+01
6.163000000000000256e+01
6.159000000000000341e+01
6.142999999999999972e+01
6.129999999999999716e+01
6.120000000000000284e+01
6.110999999999999943e+01
6.096000000000000085e+01
6.084000000000000341e+01
6.072999999999999687e+01
6.061999999999999744e+01
6.057000000000000028e+01
6.050999999999999801e+01
6.035000000000000142e+01
6.031000000000000227e+01
6.025999999999999801e+01
6.017000000000000171e+01
6.006000000000000227e+01
5.995000000000000284e+01
5.982999999999999829e+01
5.974000000000000199e+01
5.963000000000000256e+01
5.946999999999999886e+01
5.945000000000000284e+01
5.940999999999999659e+01
5.938000000000000256e+01
5.935999999999999943e+01
5.902000000000000313e+01
5.872999999999999687e+01
5.861999999999999744e+01
5.853000000000000114e+01
5.859000000000000341e+01
5.860000000000000142e+01
5.843999999999999773e+01
5.829999999999999716e+01
5.811999999999999744e+01
5.821000000000000085e+01
5.836999999999999744e+01
5.864000000000000057e+01
5.878000000000000114e+01
5.886999999999999744e+01
5.902000000000000313e+01
5.940999999999999659e+01
6.050999999999999801e+01
6.138000000000000256e+01
6.232999999999999829e+01
6.339000000000000057e+01
6.473999999999999488e+01
6.631000000000000227e+01
6.787000000000000455e+01
6.948999999999999488e+01
7.110999999999999943e+01
7.259000000000000341e+01
7.409999999999999432e+01
7.526999999999999602e+01
7.628000000000000114e+01
7.723000000000000398e+01
7.815000000000000568e+01
7.889000000000000057e+01
7.940999999999999659e+01
7.992000000000000171e+01
8.056000000000000227e+01
8.082999999999999829e+01
8.093999999999999773e+01
8.100000000000000000e+01
8.095999999999999375e+01
8.079999999999999716e+01
8.053000000000000114e+01
8.021999999999999886e+01
7.979000000000000625e+01
7.929999999999999716e+01
7.873000000000000398e+01
7.801000000000000512e+01
7.734000000000000341e+01
7.668000000000000682e+01
7.578000000000000114e+01
7.445999999999999375e+01
7.281000000000000227e+01
7.096999999999999886e+01
6.921999999999999886e+01
6.778000000000000114e+01
6.651999999999999602e+01
6.540999999999999659e+01
6.453000000000000114e+01
6.377000000000000313e+01
