5.657000000000000028e+01
5.647999999999999687e+01
5.652000000000000313e+01
5.642999999999999972e+01
5.639000000000000057e+01
5.635000000000000142e+01
5.639000000000000057e+01
5.643999999999999773e+01
5.650000000000000000e+01
5.650000000000000000e+01
5.652000000000000313e+01
5.646000000000000085e+01
5.652000000000000313e+01
5.659000000000000341e+01
5.661999999999999744e+01
5.661999999999999744e+01
5.661999999999999744e+01
5.660999999999999943e+01
5.659000000000000341e+01
5.652000000000000313e+01
5.643999999999999773e+01
5.652000000000000313e+01
5.684000000000000341e+01
5.672999999999999687e+01
5.685999999999999943e+01
5.706000000000000227e+01
5.724000000000000199e+01
5.738000000000000256e+01
5.756000000000000227e+01
5.770000000000000284e+01
5.770000000000000284e+01
5.763000000000000256e+01
5.778000000000000114e+01
5.804999999999999716e+01
5.835000000000000142e+01
5.846000000000000085e+01
5.886999999999999744e+01
5.935999999999999943e+01
5.989999999999999858e+01
6.079999999999999716e+01
6.164999999999999858e+01
6.228999999999999915e+01
6.292000000000000171e+01
6.392999999999999972e+01
6.573000000000000398e+01
6.728000000000000114e+01
6.895000000000000284e+01
7.040999999999999659e+01
7.218999999999999773e+01
7.371999999999999886e+01
7.470999999999999375e+01
7.559999999999999432e+01
7.656999999999999318e+01
7.690999999999999659e+01
7.668000000000000682e+01
7.743000000000000682e+01
7.817000000000000171e+01
7.903000000000000114e+01
7.960999999999999943e+01
8.034999999999999432e+01
8.098000000000000398e+01
8.145999999999999375e+01
8.168000000000000682e+01
8.168000000000000682e+01
8.151999999999999602e+01
8.118999999999999773e+01
8.090999999999999659e+01
8.043999999999999773e+01
7.931999999999999318e+01
7.821999999999999886e+01
7.740000000000000568e+01
7.645999999999999375e+01
7.529000000000000625e+01
7.393999999999999773e+01
7.245000000000000284e+01
7.075000000000000000e+01
6.928000000000000114e+01
6.809000000000000341e+01
6.709999999999999432e+01
6.623999999999999488e+01
6.545999999999999375e+01
6.482999999999999829e+01
6.432999999999999829e+01
6.388000000000000256e+01
6.352000000000000313e+01
6.317999999999999972e+01
6.292000000000000171e+01
6.275999999999999801e+01
6.260000000000000142e+01
6.253000000000000114e+01
6.238000000000000256e+01
6.225999999999999801e+01
6.203999999999999915e+01
6.203999999999999915e+01
6.192000000000000171e+01
6.184000000000000341e+01
6.192000000000000171e+01
6.184000000000000341e+01
6.184000000000000341e+01
6.189999999999999858e+01
6.189999999999999858e+01
6.192999999999999972e+01
6.192999999999999972e+01
6.189999999999999858e+01
6.196999999999999886e+01
6.182999999999999829e+01
6.182999999999999829e+01
6.189999999999999858e+01
6.184000000000000341e+01
6.182999999999999829e+01
6.181000000000000227e+01
6.181000000000000227e+01
6.174000000000000199e+01
6.170000000000000284e+01
6.159000000000000341e+01
6.159000000000000341e+01
6.156000000000000227e+01
6.163000000000000256e+01
6.159000000000000341e+01
6.150000000000000000e+01
6.125000000000000000e+01
6.096000000000000085e+01
6.089000000000000057e+01
6.079999999999999716e+01
6.071000000000000085e+01
6.060000000000000142e+01
6.068999999999999773e+01
6.085000000000000142e+01
6.096000000000000085e+01
6.096000000000000085e+01
6.102000000000000313e+01
6.121000000000000085e+01
6.146999999999999886e+01
6.159000000000000341e+01
6.189999999999999858e+01
6.213000000000000256e+01
6.249000000000000199e+01
6.335999999999999943e+01
6.378999999999999915e+01
6.406000000000000227e+01
6.412999999999999545e+01
6.417000000000000171e+01
6.409000000000000341e+01
6.410999999999999943e+01
6.451000000000000512e+01
6.518999999999999773e+01
6.692000000000000171e+01
6.829000000000000625e+01
7.004999999999999716e+01
7.157999999999999829e+01
7.309000000000000341e+01
7.445999999999999375e+01
7.568999999999999773e+01
7.654999999999999716e+01
7.700000000000000000e+01
7.735999999999999943e+01
7.723000000000000398e+01
7.714000000000000057e+01
7.670999999999999375e+01
7.637000000000000455e+01
7.579000000000000625e+01
7.534000000000000341e+01
7.470999999999999375e+01
7.407999999999999829e+01
7.321999999999999886e+01
7.220999999999999375e+01
7.087999999999999545e+01
6.948000000000000398e+01
6.815999999999999659e+01
6.701000000000000512e+01
6.593000000000000682e+01
6.492000000000000171e+01
6.417000000000000171e+01
6.346000000000000085e+01
6.290999999999999659e+01
6.236999999999999744e+01
6.196999999999999886e+01
6.159000000000000341e+01
6.128999999999999915e+01
6.110999999999999943e+01
6.086999999999999744e+01
6.064000000000000057e+01
6.049000000000000199e+01
6.021999999999999886e+01
6.007999999999999829e+01
5.989999999999999858e+01
5.977000000000000313e+01
5.963000000000000256e+01
5.942999999999999972e+01
5.931000000000000227e+01
5.915999999999999659e+01
5.902000000000000313e+01
5.885999999999999943e+01
5.877000000000000313e+01
5.868999999999999773e+01
5.865999999999999659e+01
5.857000000000000028e+01
5.853000000000000114e+01
5.850000000000000000e+01
5.836999999999999744e+01
5.832000000000000028e+01
5.832999999999999829e+01
5.825999999999999801e+01
5.818999999999999773e+01
5.814000000000000057e+01
5.811999999999999744e+01
5.818999999999999773e+01
5.814000000000000057e+01
5.810000000000000142e+01
5.800999999999999801e+01
5.789999999999999858e+01
5.778999999999999915e+01
5.771999999999999886e+01
5.774000000000000199e+01
5.767000000000000171e+01
5.767000000000000171e+01
5.753999999999999915e+01
5.752000000000000313e+01
5.752000000000000313e+01
5.746999999999999886e+01
5.745000000000000284e+01
5.728999999999999915e+01
5.727000000000000313e+01
5.724000000000000199e+01
5.724000000000000199e+01
5.739999999999999858e+01
5.763000000000000256e+01
5.785000000000000142e+01
5.822999999999999687e+01
5.877000000000000313e+01
5.945000000000000284e+01
6.039999999999999858e+01
6.128999999999999915e+01
6.206000000000000227e+01
6.290999999999999659e+01
6.388000000000000256e+01
6.479999999999999716e+01
6.570999999999999375e+01
6.646999999999999886e+01
6.707999999999999829e+01
6.759999999999999432e+01
6.809000000000000341e+01
6.837999999999999545e+01
6.876000000000000512e+01
6.912999999999999545e+01
6.945999999999999375e+01
6.976000000000000512e+01
6.995999999999999375e+01
6.990999999999999659e+01
6.993000000000000682e+01
6.984999999999999432e+01
6.965999999999999659e+01
6.945999999999999375e+01
6.920999999999999375e+01
6.879000000000000625e+01
6.825000000000000000e+01
6.768999999999999773e+01
6.712000000000000455e+01
6.646999999999999886e+01
6.589000000000000057e+01
6.528000000000000114e+01
6.471999999999999886e+01
6.409000000000000341e+01
6.363000000000000256e+01
6.310000000000000142e+01
6.272999999999999687e+01
6.228999999999999915e+01
6.192000000000000171e+01
6.157000000000000028e+01
6.127000000000000313e+01
6.103000000000000114e+01
6.090999999999999659e+01
6.075000000000000000e+01
6.061999999999999744e+01
6.049000000000000199e+01
6.036999999999999744e+01
6.021999999999999886e+01
6.017000000000000171e+01
6.006000000000000227e+01
5.999000000000000199e+01
5.996999999999999886e+01
5.989999999999999858e+01
5.989999999999999858e+01
5.988000000000000256e+01
5.971999999999999886e+01
5.967000000000000171e+01
5.963000000000000256e+01
5.957999999999999829e+01
5.959000000000000341e+01
5.957999999999999829e+01
5.953999999999999915e+01
5.950000000000000000e+01
5.952000000000000313e+01
5.956000000000000227e+01
5.964999999999999858e+01
5.971999999999999886e+01
5.977000000000000313e+01
5.981000000000000227e+01
5.978999999999999915e+01
5.977000000000000313e+01
5.971999999999999886e+01
5.967000000000000171e+01
5.959000000000000341e+01
5.957999999999999829e+01
5.940999999999999659e+01
5.931000000000000227e+01
5.925000000000000000e+01
5.917999999999999972e+01
5.917999999999999972e+01
5.914000000000000057e+01
5.903999999999999915e+01
5.890999999999999659e+01
5.886999999999999744e+01
5.885999999999999943e+01
5.878000000000000114e+01
5.877000000000000313e+01
5.865999999999999659e+01
5.864000000000000057e+01
5.859000000000000341e+01
5.850000000000000000e+01
5.843999999999999773e+01
5.840999999999999659e+01
5.832000000000000028e+01
5.821000000000000085e+01
5.807999999999999829e+01
5.800999999999999801e+01
5.789999999999999858e+01
5.781000000000000227e+01
5.778000000000000114e+01
5.778000000000000114e+01
5.789999999999999858e+01
5.796000000000000085e+01
5.814000000000000057e+01
5.832999999999999829e+01
5.850000000000000000e+01
5.860000000000000142e+01
5.879999999999999716e+01
5.897999999999999687e+01
5.917999999999999972e+01
5.940999999999999659e+01
5.977000000000000313e+01
6.011999999999999744e+01
6.047999999999999687e+01
6.068999999999999773e+01
6.078000000000000114e+01
6.089000000000000057e+01
6.084000000000000341e+01
6.075999999999999801e+01
6.075999999999999801e+01
6.079999999999999716e+01
6.078000000000000114e+01
6.079999999999999716e+01
6.086999999999999744e+01
6.085000000000000142e+01
6.086999999999999744e+01
6.086999999999999744e+01
6.084000000000000341e+01
6.084000000000000341e+01
6.078000000000000114e+01
6.071000000000000085e+01
6.068999999999999773e+01
6.064000000000000057e+01
6.057000000000000028e+01
6.046000000000000085e+01
6.031000000000000227e+01
6.018999999999999773e+01
6.007999999999999829e+01
5.988000000000000256e+01
5.977000000000000313e+01
5.960999999999999943e+01
5.932000000000000028e+01
5.925000000000000000e+01
5.909000000000000341e+01
5.907000000000000028e+01
5.904999999999999716e+01
5.897999999999999687e+01
5.889000000000000057e+01
5.890999999999999659e+01
5.890999999999999659e+01
5.896000000000000085e+01
5.907000000000000028e+01
5.914000000000000057e+01
5.917999999999999972e+01
5.915999999999999659e+01
5.909000000000000341e+01
5.900000000000000000e+01
5.890999999999999659e+01
5.875000000000000000e+01
5.861999999999999744e+01
5.850999999999999801e+01
5.832999999999999829e+01
5.817000000000000171e+01
5.796000000000000085e+01
5.778999999999999915e+01
5.763000000000000256e+01
5.746999999999999886e+01
5.715999999999999659e+01
5.696999999999999886e+01
5.690999999999999659e+01
5.685999999999999943e+01
5.688000000000000256e+01
5.685999999999999943e+01
5.689000000000000057e+01
5.688000000000000256e+01
5.688000000000000256e+01
5.677000000000000313e+01
5.665999999999999659e+01
5.660999999999999943e+01
5.670000000000000284e+01
5.652000000000000313e+01
5.634000000000000341e+01
5.661999999999999744e+01
5.670000000000000284e+01
5.672999999999999687e+01
5.677000000000000313e+01
5.695000000000000284e+01
5.703999999999999915e+01
5.728999999999999915e+01
5.752000000000000313e+01
5.807999999999999829e+01
5.885999999999999943e+01
5.917999999999999972e+01
5.938000000000000256e+01
5.957999999999999829e+01
5.963000000000000256e+01
6.061999999999999744e+01
6.196999999999999886e+01
6.177000000000000313e+01
6.250999999999999801e+01
6.250999999999999801e+01
6.328000000000000114e+01
6.300999999999999801e+01
6.352000000000000313e+01
6.417000000000000171e+01
6.410999999999999943e+01
6.423999999999999488e+01
6.482999999999999829e+01
6.589000000000000057e+01
6.651999999999999602e+01
6.704999999999999716e+01
6.737000000000000455e+01
6.778000000000000114e+01
6.820000000000000284e+01
6.818000000000000682e+01
6.834000000000000341e+01
6.840000000000000568e+01
6.835999999999999943e+01
6.806999999999999318e+01
6.821999999999999886e+01
6.873999999999999488e+01
6.918999999999999773e+01
6.942000000000000171e+01
6.882999999999999829e+01
6.804000000000000625e+01
6.715000000000000568e+01
6.590999999999999659e+01
6.456000000000000227e+01
6.314000000000000057e+01
6.181000000000000227e+01
6.075999999999999801e+01
5.982999999999999829e+01
5.903999999999999915e+01
5.832000000000000028e+01
5.775999999999999801e+01
5.731000000000000227e+01
5.692999999999999972e+01
5.665999999999999659e+01
5.640999999999999659e+01
5.615999999999999659e+01
5.596000000000000085e+01
5.585000000000000142e+01
5.568999999999999773e+01
5.556000000000000227e+01
5.545000000000000284e+01
5.539999999999999858e+01
5.535000000000000142e+01
5.524000000000000199e+01
5.509000000000000341e+01
5.502000000000000313e+01
5.488000000000000256e+01
5.485999999999999943e+01
5.482000000000000028e+01
5.475000000000000000e+01
5.477000000000000313e+01
5.477000000000000313e+01
5.478999999999999915e+01
5.477000000000000313e+01
5.467999999999999972e+01
5.463000000000000256e+01
5.457000000000000028e+01
5.452000000000000313e+01
5.436999999999999744e+01
5.435999999999999943e+01
5.422999999999999687e+01
5.409000000000000341e+01
5.397999999999999687e+01
5.392000000000000171e+01
5.393999999999999773e+01
5.403000000000000114e+01
5.418999999999999773e+01
5.397999999999999687e+01
5.390999999999999659e+01
5.385000000000000142e+01
5.386999999999999744e+01
5.407000000000000028e+01
5.428000000000000114e+01
5.446000000000000085e+01
5.467999999999999972e+01
5.477000000000000313e+01
5.507999999999999829e+01
5.527000000000000313e+01
5.543999999999999773e+01
5.567000000000000171e+01
5.597999999999999687e+01
5.635000000000000142e+01
5.713000000000000256e+01
5.800999999999999801e+01
5.859000000000000341e+01
5.913000000000000256e+01
5.996999999999999886e+01
6.103000000000000114e+01
6.228000000000000114e+01
6.363000000000000256e+01
6.492000000000000171e+01
6.601999999999999602e+01
6.707999999999999829e+01
6.806999999999999318e+01
6.917000000000000171e+01
7.023000000000000398e+01
7.128000000000000114e+01
7.223000000000000398e+01
7.317000000000000171e+01
7.398000000000000398e+01
7.464000000000000057e+01
7.543000000000000682e+01
7.629999999999999716e+01
7.706999999999999318e+01
7.754000000000000625e+01
7.790000000000000568e+01
7.809999999999999432e+01
7.821999999999999886e+01
7.801000000000000512e+01
7.790000000000000568e+01
7.751999999999999602e+01
7.710999999999999943e+01
7.659999999999999432e+01
7.614000000000000057e+01
7.521999999999999886e+01
7.381000000000000227e+01
7.273000000000000398e+01
7.173999999999999488e+01
7.065000000000000568e+01
6.907999999999999829e+01
6.707999999999999829e+01
6.520999999999999375e+01
6.352000000000000313e+01
6.206000000000000227e+01
6.085000000000000142e+01
6.007999999999999829e+01
5.935999999999999943e+01
5.871000000000000085e+01
5.832999999999999829e+01
5.792000000000000171e+01
5.768999999999999773e+01
5.732999999999999829e+01
5.715999999999999659e+01
5.697999999999999687e+01
5.678999999999999915e+01
5.661999999999999744e+01
5.660999999999999943e+01
5.652000000000000313e+01
5.647999999999999687e+01
5.642999999999999972e+01
5.629999999999999716e+01
5.634000000000000341e+01
5.622999999999999687e+01
5.615999999999999659e+01
5.615999999999999659e+01
5.611999999999999744e+01
5.607000000000000028e+01
5.592000000000000171e+01
5.593999999999999773e+01
5.596000000000000085e+01
5.604999999999999716e+01
5.597999999999999687e+01
5.597999999999999687e+01
5.607999999999999829e+01
5.617000000000000171e+01
5.617000000000000171e+01
5.625000000000000000e+01
5.617000000000000171e+01
5.610000000000000142e+01
5.604999999999999716e+01
5.597999999999999687e+01
5.593999999999999773e+01
5.582999999999999829e+01
5.571999999999999886e+01
5.578000000000000114e+01
5.578000000000000114e+01
5.571000000000000085e+01
5.563000000000000256e+01
5.579999999999999716e+01
5.578000000000000114e+01
5.582999999999999829e+01
5.586999999999999744e+01
5.586999999999999744e+01
5.574000000000000199e+01
5.582999999999999829e+01
5.607999999999999829e+01
5.621000000000000085e+01
5.635000000000000142e+01
5.667999999999999972e+01
5.690999999999999659e+01
5.720000000000000284e+01
5.742000000000000171e+01
5.774000000000000199e+01
5.821000000000000085e+01
5.850999999999999801e+01
5.878000000000000114e+01
5.914000000000000057e+01
5.977000000000000313e+01
6.021000000000000085e+01
6.047999999999999687e+01
6.064000000000000057e+01
6.075000000000000000e+01
6.111999999999999744e+01
6.174000000000000199e+01
6.196999999999999886e+01
6.253000000000000114e+01
6.271000000000000085e+01
6.271000000000000085e+01
6.239999999999999858e+01
6.217000000000000171e+01
6.210000000000000142e+01
6.195000000000000284e+01
6.175000000000000000e+01
6.138000000000000256e+01
6.090999999999999659e+01
6.067000000000000171e+01
6.031000000000000227e+01
5.982999999999999829e+01
5.932000000000000028e+01
5.875000000000000000e+01
5.871000000000000085e+01
5.859000000000000341e+01
5.847999999999999687e+01
5.821000000000000085e+01
5.789999999999999858e+01
5.764999999999999858e+01
5.750999999999999801e+01
5.731000000000000227e+01
5.715999999999999659e+01
5.697999999999999687e+01
5.679999999999999716e+01
5.661999999999999744e+01
5.660999999999999943e+01
5.643999999999999773e+01
5.639000000000000057e+01
5.621000000000000085e+01
5.615999999999999659e+01
5.615999999999999659e+01
5.614000000000000057e+01
5.617000000000000171e+01
5.625000000000000000e+01
5.625999999999999801e+01
5.622999999999999687e+01
5.621000000000000085e+01
5.621000000000000085e+01
5.617000000000000171e+01
5.610000000000000142e+01
5.604999999999999716e+01
5.607000000000000028e+01
5.607999999999999829e+01
5.610000000000000142e+01
5.607999999999999829e+01
5.607000000000000028e+01
5.599000000000000199e+01
5.596000000000000085e+01
5.589999999999999858e+01
5.578000000000000114e+01
5.561999999999999744e+01
5.542000000000000171e+01
5.531000000000000227e+01
5.524000000000000199e+01
5.513000000000000256e+01
5.507999999999999829e+01
5.503999999999999915e+01
5.492999999999999972e+01
5.485999999999999943e+01
5.482000000000000028e+01
5.471999999999999886e+01
5.467999999999999972e+01
5.460999999999999943e+01
5.464000000000000057e+01
5.467999999999999972e+01
5.478999999999999915e+01
5.503999999999999915e+01
5.520000000000000284e+01
5.542000000000000171e+01
5.574000000000000199e+01
5.589999999999999858e+01
5.611999999999999744e+01
5.618999999999999773e+01
5.635000000000000142e+01
5.640999999999999659e+01
5.646000000000000085e+01
5.665999999999999659e+01
5.690999999999999659e+01
5.760000000000000142e+01
5.854999999999999716e+01
5.950000000000000000e+01
6.021000000000000085e+01
6.132000000000000028e+01
6.213000000000000256e+01
6.292000000000000171e+01
6.421999999999999886e+01
6.565999999999999659e+01
6.709999999999999432e+01
6.870000000000000284e+01
7.009000000000000341e+01
7.123999999999999488e+01
7.228000000000000114e+01
7.315000000000000568e+01
7.423000000000000398e+01
7.512999999999999545e+01
7.603000000000000114e+01
7.668000000000000682e+01
7.740999999999999659e+01
7.806000000000000227e+01
7.853000000000000114e+01
7.889000000000000057e+01
7.906999999999999318e+01
7.923000000000000398e+01
7.920999999999999375e+01
7.904999999999999716e+01
7.881999999999999318e+01
7.848000000000000398e+01
7.809999999999999432e+01
7.773999999999999488e+01
7.690999999999999659e+01
7.601000000000000512e+01
7.510999999999999943e+01
7.423000000000000398e+01
7.334999999999999432e+01
7.198000000000000398e+01
7.004999999999999716e+01
6.809000000000000341e+01
6.634000000000000341e+01
6.487000000000000455e+01
6.359000000000000341e+01
6.254999999999999716e+01
6.171999999999999886e+01
6.110999999999999943e+01
6.050999999999999801e+01
6.006000000000000227e+01
5.963000000000000256e+01
5.925000000000000000e+01
5.900000000000000000e+01
5.865999999999999659e+01
5.843999999999999773e+01
5.821000000000000085e+01
5.803000000000000114e+01
5.781000000000000227e+01
5.768999999999999773e+01
5.752000000000000313e+01
5.738000000000000256e+01
5.715999999999999659e+01
5.703999999999999915e+01
5.688000000000000256e+01
5.675000000000000000e+01
5.675000000000000000e+01
5.675000000000000000e+01
5.672999999999999687e+01
5.670000000000000284e+01
5.664000000000000057e+01
5.660999999999999943e+01
5.647999999999999687e+01
5.642999999999999972e+01
5.629999999999999716e+01
5.625999999999999801e+01
5.625999999999999801e+01
5.621000000000000085e+01
5.618999999999999773e+01
5.622999999999999687e+01
5.617000000000000171e+01
5.615999999999999659e+01
5.610000000000000142e+01
5.607999999999999829e+01
5.600999999999999801e+01
5.604999999999999716e+01
5.592000000000000171e+01
5.599000000000000199e+01
5.625999999999999801e+01
5.659000000000000341e+01
5.679999999999999716e+01
5.702000000000000313e+01
5.715999999999999659e+01
5.732999999999999829e+01
5.742000000000000171e+01
5.732999999999999829e+01
5.738000000000000256e+01
5.749000000000000199e+01
5.778999999999999915e+01
5.793999999999999773e+01
5.822999999999999687e+01
5.853000000000000114e+01
5.925000000000000000e+01
5.967000000000000171e+01
5.999000000000000199e+01
6.053000000000000114e+01
6.111999999999999744e+01
6.185999999999999943e+01
6.278000000000000114e+01
6.359000000000000341e+01
6.487000000000000455e+01
6.679000000000000625e+01
6.856000000000000227e+01
7.026999999999999602e+01
7.209000000000000341e+01
7.390000000000000568e+01
7.565000000000000568e+01
7.618999999999999773e+01
7.653000000000000114e+01
7.751999999999999602e+01
7.859999999999999432e+01
7.910999999999999943e+01
7.895999999999999375e+01
7.826000000000000512e+01
7.817000000000000171e+01
7.770000000000000284e+01
7.710999999999999943e+01
7.687000000000000455e+01
7.584999999999999432e+01
7.445999999999999375e+01
7.290999999999999659e+01
7.109999999999999432e+01
6.948999999999999488e+01
6.820000000000000284e+01
6.703000000000000114e+01
6.600000000000000000e+01
6.507999999999999829e+01
6.423999999999999488e+01
6.345000000000000284e+01
6.260000000000000142e+01
6.203999999999999915e+01
6.146999999999999886e+01
6.104999999999999716e+01
6.064000000000000057e+01
6.031000000000000227e+01
5.999000000000000199e+01
5.988000000000000256e+01
5.977000000000000313e+01
5.967999999999999972e+01
5.963000000000000256e+01
5.946999999999999886e+01
5.942999999999999972e+01
5.938000000000000256e+01
5.932000000000000028e+01
5.920000000000000284e+01
5.917999999999999972e+01
5.914000000000000057e+01
5.917999999999999972e+01
5.917999999999999972e+01
5.920000000000000284e+01
5.925000000000000000e+01
5.925000000000000000e+01
5.915999999999999659e+01
5.915999999999999659e+01
5.914000000000000057e+01
5.907000000000000028e+01
5.900000000000000000e+01
5.890999999999999659e+01
5.885999999999999943e+01
5.884000000000000341e+01
5.882000000000000028e+01
5.872999999999999687e+01
5.868999999999999773e+01
5.860000000000000142e+01
5.857000000000000028e+01
5.853000000000000114e+01
5.850000000000000000e+01
5.850000000000000000e+01
5.847999999999999687e+01
5.843999999999999773e+01
5.836999999999999744e+01
5.825999999999999801e+01
5.810000000000000142e+01
5.804999999999999716e+01
5.778999999999999915e+01
5.763000000000000256e+01
5.745000000000000284e+01
5.724000000000000199e+01
5.713000000000000256e+01
5.695000000000000284e+01
5.685999999999999943e+01
5.675000000000000000e+01
5.670000000000000284e+01
5.665999999999999659e+01
5.664000000000000057e+01
5.661999999999999744e+01
5.660999999999999943e+01
5.665999999999999659e+01
5.670000000000000284e+01
5.679999999999999716e+01
5.692999999999999972e+01
5.714999999999999858e+01
5.742999999999999972e+01
5.796000000000000085e+01
5.900000000000000000e+01
6.021999999999999886e+01
6.139000000000000057e+01
6.200999999999999801e+01
6.221999999999999886e+01
6.221999999999999886e+01
6.260000000000000142e+01
6.282000000000000028e+01
6.278000000000000114e+01
6.282999999999999829e+01
6.300999999999999801e+01
6.303000000000000114e+01
6.296000000000000085e+01
6.275999999999999801e+01
6.260000000000000142e+01
6.243999999999999773e+01
6.235000000000000142e+01
6.224000000000000199e+01
6.207999999999999829e+01
6.203999999999999915e+01
6.203999999999999915e+01
6.213000000000000256e+01
6.225999999999999801e+01
6.228000000000000114e+01
6.220000000000000284e+01
6.210999999999999943e+01
6.213000000000000256e+01
6.210000000000000142e+01
6.192000000000000171e+01
6.159000000000000341e+01
6.135999999999999943e+01
6.111999999999999744e+01
6.093999999999999773e+01
6.084000000000000341e+01
6.072999999999999687e+01
6.068999999999999773e+01
6.057000000000000028e+01
6.047999999999999687e+01
6.036999999999999744e+01
6.031000000000000227e+01
6.024000000000000199e+01
6.021999999999999886e+01
6.017000000000000171e+01
6.006000000000000227e+01
5.995000000000000284e+01
5.988000000000000256e+01
5.981000000000000227e+01
5.982999999999999829e+01
5.985000000000000142e+01
5.982999999999999829e+01
5.982999999999999829e+01
5.981000000000000227e+01
5.981000000000000227e+01
5.981000000000000227e+01
5.981000000000000227e+01
5.981000000000000227e+01
5.970000000000000284e+01
5.963000000000000256e+01
5.963000000000000256e+01
5.959000000000000341e+01
5.956000000000000227e+01
5.959000000000000341e+01
5.953999999999999915e+01
5.952000000000000313e+01
5.940999999999999659e+01
5.931000000000000227e+01
5.925000000000000000e+01
5.917999999999999972e+01
5.914000000000000057e+01
5.909000000000000341e+01
5.903999999999999915e+01
5.897999999999999687e+01
5.882000000000000028e+01
5.865999999999999659e+01
5.861999999999999744e+01
5.839000000000000057e+01
5.832000000000000028e+01
5.828000000000000114e+01
5.821000000000000085e+01
5.814000000000000057e+01
5.807999999999999829e+01
5.810000000000000142e+01
5.828000000000000114e+01
5.864000000000000057e+01
5.914000000000000057e+01
5.982999999999999829e+01
6.053000000000000114e+01
6.140999999999999659e+01
6.231000000000000227e+01
6.346000000000000085e+01
6.479999999999999716e+01
6.635999999999999943e+01
6.801999999999999602e+01
6.920999999999999375e+01
7.035999999999999943e+01
7.209000000000000341e+01
7.323999999999999488e+01
7.476999999999999602e+01
7.590000000000000568e+01
7.748999999999999488e+01
7.890999999999999659e+01
8.020000000000000284e+01
8.134000000000000341e+01
8.226000000000000512e+01
8.315999999999999659e+01
8.406000000000000227e+01
8.487000000000000455e+01
8.540999999999999659e+01
8.568999999999999773e+01
8.575000000000000000e+01
8.550000000000000000e+01
8.482999999999999829e+01
8.400000000000000000e+01
8.298000000000000398e+01
8.179000000000000625e+01
8.028000000000000114e+01
7.848000000000000398e+01
7.645999999999999375e+01
7.437000000000000455e+01
7.250000000000000000e+01
7.068000000000000682e+01
6.901000000000000512e+01
6.759999999999999432e+01
6.651000000000000512e+01
6.553000000000000114e+01
6.471999999999999886e+01
6.401999999999999602e+01
6.327000000000000313e+01
6.278000000000000114e+01
6.231000000000000227e+01
6.199000000000000199e+01
6.174000000000000199e+01
6.152000000000000313e+01
6.142999999999999972e+01
6.128999999999999915e+01
6.125000000000000000e+01
6.125000000000000000e+01
6.120000000000000284e+01
6.117999999999999972e+01
6.111999999999999744e+01
6.102000000000000313e+01
6.096000000000000085e+01
6.090999999999999659e+01
6.079999999999999716e+01
6.067000000000000171e+01
6.060000000000000142e+01
6.057000000000000028e+01
6.053000000000000114e+01
6.050999999999999801e+01
6.049000000000000199e+01
6.039000000000000057e+01
6.021999999999999886e+01
6.010000000000000142e+01
5.989999999999999858e+01
5.963000000000000256e+01
5.940999999999999659e+01
5.925000000000000000e+01
5.917999999999999972e+01
5.909000000000000341e+01
5.890999999999999659e+01
5.879999999999999716e+01
5.877000000000000313e+01
5.884000000000000341e+01
5.857000000000000028e+01
5.835000000000000142e+01
5.810000000000000142e+01
5.789999999999999858e+01
5.771999999999999886e+01
5.752000000000000313e+01
5.746999999999999886e+01
5.735999999999999943e+01
5.724000000000000199e+01
5.727000000000000313e+01
5.739999999999999858e+01
5.742999999999999972e+01
5.750999999999999801e+01
5.778999999999999915e+01
5.807999999999999829e+01
5.835000000000000142e+01
5.877000000000000313e+01
5.885999999999999943e+01
5.902000000000000313e+01
5.920000000000000284e+01
5.934000000000000341e+01
5.956000000000000227e+01
6.003999999999999915e+01
6.031000000000000227e+01
6.061999999999999744e+01
6.096000000000000085e+01
6.195000000000000284e+01
6.406000000000000227e+01
6.642000000000000171e+01
6.840000000000000568e+01
6.887999999999999545e+01
6.931000000000000227e+01
7.040999999999999659e+01
7.131000000000000227e+01
7.225000000000000000e+01
7.351000000000000512e+01
7.393999999999999773e+01
7.443000000000000682e+01
7.384999999999999432e+01
7.489000000000000057e+01
7.587000000000000455e+01
7.670999999999999375e+01
7.765000000000000568e+01
7.790000000000000568e+01
7.748999999999999488e+01
7.712999999999999545e+01
7.714000000000000057e+01
7.734000000000000341e+01
7.760999999999999943e+01
7.751999999999999602e+01
7.721999999999999886e+01
7.662000000000000455e+01
7.587999999999999545e+01
7.518000000000000682e+01
7.431999999999999318e+01
7.320000000000000284e+01
7.137999999999999545e+01
6.931000000000000227e+01
6.759000000000000341e+01
6.604000000000000625e+01
6.468999999999999773e+01
6.353999999999999915e+01
6.253000000000000114e+01
6.170000000000000284e+01
6.093999999999999773e+01
6.013000000000000256e+01
5.952000000000000313e+01
5.922999999999999687e+01
5.902000000000000313e+01
5.860000000000000142e+01
5.843999999999999773e+01
5.824000000000000199e+01
5.806000000000000227e+01
5.803000000000000114e+01
5.792000000000000171e+01
5.796000000000000085e+01
5.768999999999999773e+01
5.760000000000000142e+01
5.760000000000000142e+01
5.746999999999999886e+01
5.742999999999999972e+01
5.727000000000000313e+01
5.714999999999999858e+01
5.689000000000000057e+01
5.661999999999999744e+01
5.640999999999999659e+01
5.632000000000000028e+01
5.629999999999999716e+01
5.625999999999999801e+01
5.625999999999999801e+01
5.629999999999999716e+01
5.611999999999999744e+01
5.589000000000000057e+01
5.581000000000000227e+01
5.579999999999999716e+01
5.585000000000000142e+01
5.578000000000000114e+01
5.585000000000000142e+01
5.589000000000000057e+01
5.607999999999999829e+01
5.607000000000000028e+01
5.585000000000000142e+01
5.596000000000000085e+01
5.597999999999999687e+01
5.599000000000000199e+01
5.579999999999999716e+01
5.578000000000000114e+01
5.578000000000000114e+01
5.589000000000000057e+01
5.567000000000000171e+01
5.564999999999999858e+01
5.582999999999999829e+01
5.625000000000000000e+01
5.667999999999999972e+01
5.725000000000000000e+01
5.793999999999999773e+01
5.872999999999999687e+01
5.960999999999999943e+01
6.067000000000000171e+01
6.182999999999999829e+01
6.336999999999999744e+01
6.492000000000000171e+01
6.629000000000000625e+01
6.762000000000000455e+01
6.904000000000000625e+01
7.048000000000000398e+01
7.187000000000000455e+01
7.307999999999999829e+01
7.406999999999999318e+01
7.487999999999999545e+01
7.551000000000000512e+01
7.623000000000000398e+01
7.675000000000000000e+01
7.721999999999999886e+01
7.773999999999999488e+01
7.809999999999999432e+01
7.848000000000000398e+01
7.859999999999999432e+01
7.853000000000000114e+01
7.837000000000000455e+01
7.806000000000000227e+01
7.771999999999999886e+01
7.725000000000000000e+01
7.693000000000000682e+01
7.642000000000000171e+01
7.590000000000000568e+01
7.534000000000000341e+01
7.456999999999999318e+01
7.370999999999999375e+01
7.281000000000000227e+01
7.170999999999999375e+01
7.010999999999999943e+01
6.821999999999999886e+01
6.631000000000000227e+01
6.453000000000000114e+01
6.314000000000000057e+01
6.189999999999999858e+01
6.100000000000000000e+01
6.021000000000000085e+01
5.956000000000000227e+01
5.902000000000000313e+01
5.859000000000000341e+01
5.832999999999999829e+01
5.811999999999999744e+01
5.796999999999999886e+01
5.786999999999999744e+01
5.771999999999999886e+01
5.760000000000000142e+01
5.732999999999999829e+01
5.710999999999999943e+01
5.688000000000000256e+01
5.679999999999999716e+01
5.688000000000000256e+01
5.695000000000000284e+01
5.690999999999999659e+01
5.684000000000000341e+01
5.670000000000000284e+01
5.659000000000000341e+01
5.643999999999999773e+01
5.639000000000000057e+01
5.615999999999999659e+01
5.600999999999999801e+01
5.589000000000000057e+01
5.578000000000000114e+01
5.564999999999999858e+01
5.561999999999999744e+01
5.550999999999999801e+01
5.546999999999999886e+01
5.550999999999999801e+01
5.545000000000000284e+01
5.527000000000000313e+01
5.509000000000000341e+01
5.499000000000000199e+01
5.488000000000000256e+01
5.481000000000000227e+01
5.465999999999999659e+01
5.465999999999999659e+01
5.459000000000000341e+01
5.482000000000000028e+01
5.500000000000000000e+01
5.524000000000000199e+01
5.524000000000000199e+01
5.532999999999999829e+01
5.535999999999999943e+01
5.556000000000000227e+01
5.556000000000000227e+01
5.550999999999999801e+01
5.556000000000000227e+01
5.586999999999999744e+01
5.640999999999999659e+01
5.706000000000000227e+01
5.782999999999999829e+01
5.861999999999999744e+01
5.945000000000000284e+01
6.046000000000000085e+01
6.153999999999999915e+01
6.279999999999999716e+01
6.404000000000000625e+01
6.531999999999999318e+01
6.632999999999999829e+01
6.762000000000000455e+01
6.903000000000000114e+01
7.043000000000000682e+01
7.056000000000000227e+01
7.060999999999999943e+01
7.176000000000000512e+01
7.198000000000000398e+01
7.156000000000000227e+01
7.059000000000000341e+01
7.026999999999999602e+01
7.076999999999999602e+01
7.126000000000000512e+01
7.035999999999999943e+01
6.885999999999999943e+01
6.857999999999999829e+01
6.909999999999999432e+01
6.892000000000000171e+01
6.798000000000000398e+01
6.692000000000000171e+01
6.635999999999999943e+01
6.551999999999999602e+01
6.446999999999999886e+01
6.352000000000000313e+01
6.282999999999999829e+01
6.282000000000000028e+01
6.296000000000000085e+01
6.235000000000000142e+01
6.147999999999999687e+01
6.057999999999999829e+01
5.964999999999999858e+01
5.886999999999999744e+01
5.824000000000000199e+01
5.767000000000000171e+01
5.717999999999999972e+01
5.679999999999999716e+01
5.646000000000000085e+01
5.615999999999999659e+01
5.582999999999999829e+01
5.563000000000000256e+01
5.545000000000000284e+01
5.520000000000000284e+01
5.502000000000000313e+01
5.482000000000000028e+01
5.472999999999999687e+01
5.459000000000000341e+01
5.445000000000000284e+01
5.446000000000000085e+01
5.432000000000000028e+01
5.421000000000000085e+01
5.414000000000000057e+01
5.404999999999999716e+01
5.392000000000000171e+01
5.379999999999999716e+01
5.371000000000000085e+01
5.356000000000000227e+01
5.346000000000000085e+01
5.331000000000000227e+01
5.328000000000000114e+01
5.321999999999999886e+01
5.310999999999999943e+01
5.303999999999999915e+01
5.299000000000000199e+01
5.285999999999999943e+01
5.274000000000000199e+01
5.274000000000000199e+01
5.263000000000000256e+01
5.257000000000000028e+01
5.252000000000000313e+01
5.246999999999999886e+01
5.232000000000000028e+01
5.227000000000000313e+01
5.217999999999999972e+01
5.214000000000000057e+01
5.196000000000000085e+01
5.186999999999999744e+01
5.190999999999999659e+01
5.196000000000000085e+01
5.214000000000000057e+01
5.238000000000000256e+01
5.265999999999999659e+01
5.299000000000000199e+01
5.303999999999999915e+01
5.324000000000000199e+01
5.338000000000000256e+01
5.335000000000000142e+01
5.353000000000000114e+01
5.411999999999999744e+01
5.507999999999999829e+01
5.621000000000000085e+01
5.728999999999999915e+01
5.839000000000000057e+01
5.981000000000000227e+01
6.117999999999999972e+01
6.256000000000000227e+01
6.389999999999999858e+01
6.517000000000000171e+01
6.665000000000000568e+01
6.815999999999999659e+01
6.945999999999999375e+01
7.062999999999999545e+01
7.143999999999999773e+01
7.192000000000000171e+01
7.268000000000000682e+01
7.346999999999999886e+01
7.296999999999999886e+01
7.326999999999999602e+01
7.384999999999999432e+01
7.407999999999999829e+01
7.425000000000000000e+01
7.389000000000000057e+01
7.403000000000000114e+01
7.417000000000000171e+01
7.390000000000000568e+01
7.318000000000000682e+01
7.251999999999999602e+01
7.131000000000000227e+01
6.945999999999999375e+01
6.781999999999999318e+01
6.651999999999999602e+01
6.550000000000000000e+01
6.467000000000000171e+01
6.395000000000000284e+01
6.322999999999999687e+01
6.246000000000000085e+01
6.156000000000000227e+01
6.064000000000000057e+01
5.985999999999999943e+01
5.934000000000000341e+01
5.840999999999999659e+01
5.796999999999999886e+01
5.767000000000000171e+01
5.725000000000000000e+01
5.707000000000000028e+01
5.678999999999999915e+01
5.665999999999999659e+01
5.642999999999999972e+01
5.625000000000000000e+01
5.611999999999999744e+01
5.593999999999999773e+01
5.582999999999999829e+01
5.571000000000000085e+01
5.556000000000000227e+01
5.546999999999999886e+01
5.542000000000000171e+01
5.525999999999999801e+01
5.517999999999999972e+01
5.507999999999999829e+01
5.500000000000000000e+01
5.488000000000000256e+01
5.488000000000000256e+01
5.481000000000000227e+01
5.477000000000000313e+01
5.465999999999999659e+01
5.454999999999999716e+01
5.457000000000000028e+01
5.446000000000000085e+01
5.434000000000000341e+01
5.428000000000000114e+01
5.411999999999999744e+01
5.396000000000000085e+01
5.382000000000000028e+01
5.371000000000000085e+01
5.364999999999999858e+01
5.360000000000000142e+01
5.356000000000000227e+01
5.353000000000000114e+01
5.335000000000000142e+01
5.328999999999999915e+01
5.321999999999999886e+01
5.332999999999999829e+01
5.350999999999999801e+01
5.356000000000000227e+01
5.374000000000000199e+01
5.382000000000000028e+01
5.396000000000000085e+01
5.422999999999999687e+01
5.446000000000000085e+01
5.484000000000000341e+01
5.539999999999999858e+01
5.596000000000000085e+01
5.659000000000000341e+01
5.727000000000000313e+01
5.811999999999999744e+01
5.902000000000000313e+01
5.993999999999999773e+01
6.096000000000000085e+01
6.224000000000000199e+01
6.365999999999999659e+01
6.503000000000000114e+01
6.646999999999999886e+01
6.784000000000000341e+01
6.909999999999999432e+01
7.035999999999999943e+01
7.143999999999999773e+01
7.260999999999999943e+01
7.346999999999999886e+01
7.429999999999999716e+01
7.515000000000000568e+01
7.559999999999999432e+01
7.587000000000000455e+01
7.631999999999999318e+01
7.675000000000000000e+01
7.675000000000000000e+01
7.637000000000000455e+01
7.596999999999999886e+01
7.543000000000000682e+01
7.500000000000000000e+01
7.470000000000000284e+01
7.420999999999999375e+01
7.353000000000000114e+01
7.276999999999999602e+01
7.187000000000000455e+01
7.062999999999999545e+01
6.948999999999999488e+01
6.829000000000000625e+01
6.740999999999999659e+01
6.671999999999999886e+01
6.615999999999999659e+01
6.550000000000000000e+01
6.448999999999999488e+01
6.334000000000000341e+01
6.228000000000000114e+01
6.132000000000000028e+01
6.046000000000000085e+01
5.967000000000000171e+01
5.910999999999999943e+01
5.850000000000000000e+01
5.796000000000000085e+01
5.753999999999999915e+01
5.715999999999999659e+01
5.696999999999999886e+01
5.688000000000000256e+01
5.679999999999999716e+01
5.675000000000000000e+01
5.672999999999999687e+01
5.667999999999999972e+01
5.671000000000000085e+01
5.667999999999999972e+01
5.665999999999999659e+01
5.665999999999999659e+01
5.657000000000000028e+01
5.647999999999999687e+01
5.634000000000000341e+01
5.622999999999999687e+01
5.621000000000000085e+01
5.615999999999999659e+01
5.611999999999999744e+01
5.607000000000000028e+01
5.600999999999999801e+01
5.610000000000000142e+01
5.614000000000000057e+01
5.614000000000000057e+01
5.607000000000000028e+01
5.607000000000000028e+01
5.597999999999999687e+01
5.593999999999999773e+01
5.581000000000000227e+01
5.585000000000000142e+01
5.578000000000000114e+01
5.571000000000000085e+01
5.571000000000000085e+01
5.560000000000000142e+01
5.560000000000000142e+01
5.553000000000000114e+01
5.550999999999999801e+01
5.542000000000000171e+01
5.535999999999999943e+01
5.532999999999999829e+01
5.527000000000000313e+01
5.524000000000000199e+01
5.513000000000000256e+01
5.510999999999999943e+01
5.510999999999999943e+01
5.524000000000000199e+01
5.542000000000000171e+01
5.571000000000000085e+01
5.621000000000000085e+01
5.689000000000000057e+01
5.770000000000000284e+01
5.871000000000000085e+01
5.978999999999999915e+01
6.103000000000000114e+01
6.236999999999999744e+01
6.395000000000000284e+01
6.565999999999999659e+01
6.726000000000000512e+01
6.893999999999999773e+01
7.062999999999999545e+01
7.240999999999999659e+01
7.403000000000000114e+01
7.557999999999999829e+01
7.695999999999999375e+01
7.821999999999999886e+01
7.926999999999999602e+01
8.023999999999999488e+01
8.120999999999999375e+01
8.206000000000000227e+01
8.289000000000000057e+01
8.356999999999999318e+01
8.406999999999999318e+01
8.456000000000000227e+01
8.460999999999999943e+01
8.481000000000000227e+01
8.487999999999999545e+01
8.487000000000000455e+01
8.468999999999999773e+01
8.457999999999999829e+01
8.442000000000000171e+01
8.406999999999999318e+01
8.356999999999999318e+01
8.298999999999999488e+01
8.232999999999999829e+01
8.150000000000000000e+01
8.062000000000000455e+01
7.946999999999999886e+01
7.801000000000000512e+01
7.631999999999999318e+01
7.423000000000000398e+01
7.243000000000000682e+01
7.087999999999999545e+01
6.953000000000000114e+01
6.835999999999999943e+01
6.734999999999999432e+01
6.645000000000000284e+01
6.573000000000000398e+01
6.495999999999999375e+01
6.375000000000000000e+01
6.318999999999999773e+01
6.275999999999999801e+01
6.225999999999999801e+01
6.174000000000000199e+01
6.128999999999999915e+01
6.092999999999999972e+01
6.057000000000000028e+01
6.039999999999999858e+01
6.018999999999999773e+01
5.995000000000000284e+01
5.967000000000000171e+01
5.942999999999999972e+01
5.925000000000000000e+01
5.903999999999999915e+01
5.886999999999999744e+01
5.884000000000000341e+01
5.872999999999999687e+01
5.865999999999999659e+01
5.859000000000000341e+01
5.859000000000000341e+01
5.853000000000000114e+01
5.854999999999999716e+01
5.850999999999999801e+01
5.864000000000000057e+01
5.875000000000000000e+01
5.879999999999999716e+01
5.892999999999999972e+01
5.902000000000000313e+01
5.897999999999999687e+01
5.892999999999999972e+01
5.885999999999999943e+01
5.878000000000000114e+01
5.865999999999999659e+01
5.847999999999999687e+01
5.836999999999999744e+01
5.836999999999999744e+01
5.825999999999999801e+01
5.800999999999999801e+01
5.778000000000000114e+01
5.763000000000000256e+01
5.745000000000000284e+01
5.731000000000000227e+01
5.725000000000000000e+01
5.724000000000000199e+01
5.715999999999999659e+01
5.715999999999999659e+01
5.713000000000000256e+01
5.706000000000000227e+01
5.702000000000000313e+01
5.702000000000000313e+01
5.703999999999999915e+01
5.713000000000000256e+01
5.720000000000000284e+01
5.738000000000000256e+01
5.757999999999999829e+01
5.774000000000000199e+01
5.792000000000000171e+01
5.821000000000000085e+01
5.835000000000000142e+01
5.843999999999999773e+01
5.850999999999999801e+01
5.857000000000000028e+01
5.861999999999999744e+01
5.875000000000000000e+01
5.890999999999999659e+01
5.890999999999999659e+01
5.884000000000000341e+01
5.872999999999999687e+01
5.871000000000000085e+01
5.864000000000000057e+01
5.859000000000000341e+01
5.850999999999999801e+01
5.843999999999999773e+01
5.836999999999999744e+01
5.832999999999999829e+01
5.835000000000000142e+01
5.824000000000000199e+01
5.818999999999999773e+01
5.810000000000000142e+01
5.804999999999999716e+01
5.796000000000000085e+01
5.793999999999999773e+01
5.792000000000000171e+01
5.782999999999999829e+01
5.778000000000000114e+01
5.778000000000000114e+01
5.771999999999999886e+01
5.774000000000000199e+01
5.778000000000000114e+01
5.785000000000000142e+01
5.796000000000000085e+01
5.796000000000000085e+01
5.796000000000000085e+01
5.796999999999999886e+01
5.796000000000000085e+01
5.793999999999999773e+01
5.796999999999999886e+01
5.803000000000000114e+01
5.800999999999999801e+01
5.799000000000000199e+01
5.789999999999999858e+01
5.774000000000000199e+01
5.753999999999999915e+01
5.742000000000000171e+01
5.731000000000000227e+01
5.715999999999999659e+01
5.706000000000000227e+01
5.697999999999999687e+01
5.685999999999999943e+01
5.679999999999999716e+01
5.670000000000000284e+01
5.670000000000000284e+01
5.675000000000000000e+01
5.679999999999999716e+01
5.689000000000000057e+01
5.689000000000000057e+01
5.697999999999999687e+01
5.702000000000000313e+01
5.714999999999999858e+01
5.714999999999999858e+01
5.713000000000000256e+01
5.703999999999999915e+01
5.703999999999999915e+01
5.706000000000000227e+01
5.710999999999999943e+01
5.715999999999999659e+01
5.728999999999999915e+01
5.750999999999999801e+01
5.771999999999999886e+01
5.796000000000000085e+01
5.829999999999999716e+01
5.859000000000000341e+01
5.872999999999999687e+01
5.877000000000000313e+01
5.878000000000000114e+01
5.884000000000000341e+01
5.909000000000000341e+01
5.925000000000000000e+01
5.939999999999999858e+01
5.982999999999999829e+01
6.039999999999999858e+01
6.096000000000000085e+01
6.156000000000000227e+01
6.225999999999999801e+01
6.309000000000000341e+01
6.429000000000000625e+01
6.564000000000000057e+01
6.671999999999999886e+01
6.712000000000000455e+01
6.745999999999999375e+01
6.876999999999999602e+01
7.031999999999999318e+01
7.156000000000000227e+01
7.309000000000000341e+01
7.595999999999999375e+01
7.709000000000000341e+01
7.798999999999999488e+01
7.857999999999999829e+01
7.920999999999999375e+01
7.970000000000000284e+01
7.984000000000000341e+01
8.031000000000000227e+01
8.059999999999999432e+01
8.089000000000000057e+01
8.125000000000000000e+01
8.115999999999999659e+01
8.115999999999999659e+01
8.123000000000000398e+01
8.120999999999999375e+01
8.118000000000000682e+01
8.082999999999999829e+01
8.042000000000000171e+01
7.981000000000000227e+01
7.929999999999999716e+01
7.884000000000000341e+01
7.832999999999999829e+01
7.771999999999999886e+01
7.685999999999999943e+01
7.565000000000000568e+01
7.418999999999999773e+01
7.250000000000000000e+01
7.092000000000000171e+01
6.965999999999999659e+01
6.851999999999999602e+01
6.762000000000000455e+01
6.673999999999999488e+01
6.596999999999999886e+01
6.476000000000000512e+01
6.432999999999999829e+01
6.401999999999999602e+01
6.367999999999999972e+01
6.339000000000000057e+01
6.311999999999999744e+01
6.289000000000000057e+01
6.261999999999999744e+01
6.239999999999999858e+01
6.217000000000000171e+01
6.206000000000000227e+01
6.196999999999999886e+01
6.181000000000000227e+01
6.165999999999999659e+01
6.159000000000000341e+01
6.142999999999999972e+01
6.135999999999999943e+01
6.121000000000000085e+01
6.104999999999999716e+01
6.096000000000000085e+01
6.084000000000000341e+01
6.071000000000000085e+01
6.064000000000000057e+01
6.064000000000000057e+01
6.068999999999999773e+01
6.072999999999999687e+01
6.075000000000000000e+01
6.075000000000000000e+01
6.067000000000000171e+01
6.060000000000000142e+01
6.057000000000000028e+01
6.047999999999999687e+01
6.046000000000000085e+01
6.007999999999999829e+01
5.967999999999999972e+01
5.939999999999999858e+01
5.925000000000000000e+01
5.910999999999999943e+01
5.913000000000000256e+01
5.903999999999999915e+01
5.896000000000000085e+01
5.890999999999999659e+01
5.902000000000000313e+01
5.925000000000000000e+01
5.942999999999999972e+01
5.964999999999999858e+01
5.964999999999999858e+01
5.974000000000000199e+01
5.999000000000000199e+01
6.031000000000000227e+01
6.036999999999999744e+01
6.039999999999999858e+01
6.049000000000000199e+01
6.072999999999999687e+01
6.210999999999999943e+01
6.329999999999999716e+01
6.378999999999999915e+01
6.423999999999999488e+01
6.564000000000000057e+01
6.635999999999999943e+01
6.840999999999999659e+01
6.945999999999999375e+01
6.989000000000000057e+01
6.995999999999999375e+01
7.031999999999999318e+01
7.048000000000000398e+01
7.076999999999999602e+01
7.209999999999999432e+01
7.225000000000000000e+01
7.248000000000000398e+01
7.293000000000000682e+01
7.290999999999999659e+01
7.276999999999999602e+01
7.312999999999999545e+01
7.356000000000000227e+01
7.414000000000000057e+01
7.479999999999999716e+01
7.534000000000000341e+01
7.578000000000000114e+01
7.593999999999999773e+01
7.607999999999999829e+01
7.614000000000000057e+01
7.603000000000000114e+01
7.560999999999999943e+01
7.506999999999999318e+01
7.406999999999999318e+01
7.237000000000000455e+01
7.054000000000000625e+01
6.890000000000000568e+01
6.751000000000000512e+01
6.635999999999999943e+01
6.539000000000000057e+01
6.462000000000000455e+01
6.396999999999999886e+01
6.346000000000000085e+01
6.300000000000000000e+01
6.254999999999999716e+01
6.231000000000000227e+01
6.206000000000000227e+01
6.184000000000000341e+01
6.157000000000000028e+01
6.135999999999999943e+01
6.117999999999999972e+01
6.103000000000000114e+01
6.100000000000000000e+01
6.084000000000000341e+01
6.072999999999999687e+01
6.064000000000000057e+01
6.057999999999999829e+01
6.057000000000000028e+01
6.042000000000000171e+01
6.039999999999999858e+01
6.042000000000000171e+01
6.035000000000000142e+01
6.031000000000000227e+01
6.018999999999999773e+01
6.018999999999999773e+01
6.011999999999999744e+01
6.010000000000000142e+01
6.007999999999999829e+01
5.993999999999999773e+01
5.993999999999999773e+01
5.992000000000000171e+01
5.988000000000000256e+01
5.985999999999999943e+01
5.974000000000000199e+01
5.977000000000000313e+01
5.981000000000000227e+01
5.978999999999999915e+01
5.957999999999999829e+01
5.922999999999999687e+01
5.900000000000000000e+01
5.892999999999999972e+01
5.904999999999999716e+01
5.903999999999999915e+01
5.871000000000000085e+01
5.859000000000000341e+01
5.846000000000000085e+01
5.857000000000000028e+01
5.864000000000000057e+01
5.868999999999999773e+01
5.889000000000000057e+01
5.917999999999999972e+01
5.963000000000000256e+01
6.007999999999999829e+01
6.067000000000000171e+01
6.147999999999999687e+01
6.228000000000000114e+01
6.332000000000000028e+01
6.456000000000000227e+01
6.606000000000000227e+01
6.753000000000000114e+01
6.904000000000000625e+01
7.059000000000000341e+01
7.203000000000000114e+01
7.298999999999999488e+01
7.309000000000000341e+01
7.343999999999999773e+01
7.407999999999999829e+01
7.495000000000000284e+01
7.590000000000000568e+01
7.687000000000000455e+01
7.740999999999999659e+01
7.785999999999999943e+01
7.815000000000000568e+01
7.837000000000000455e+01
7.792000000000000171e+01
7.746999999999999886e+01
7.662000000000000455e+01
7.560999999999999943e+01
7.468000000000000682e+01
7.384999999999999432e+01
7.329000000000000625e+01
7.270000000000000284e+01
7.203000000000000114e+01
7.142000000000000171e+01
7.079000000000000625e+01
6.981999999999999318e+01
6.868000000000000682e+01
6.759000000000000341e+01
6.645000000000000284e+01
6.548000000000000398e+01
6.468999999999999773e+01
6.390999999999999659e+01
6.334000000000000341e+01
6.278000000000000114e+01
6.225999999999999801e+01
6.185999999999999943e+01
6.153999999999999915e+01
6.111999999999999744e+01
6.086999999999999744e+01
6.057999999999999829e+01
6.031000000000000227e+01
6.011999999999999744e+01
5.993999999999999773e+01
5.982999999999999829e+01
5.974000000000000199e+01
5.971999999999999886e+01
5.970000000000000284e+01
5.967999999999999972e+01
5.967999999999999972e+01
5.967999999999999972e+01
5.970000000000000284e+01
5.971999999999999886e+01
5.971999999999999886e+01
5.978999999999999915e+01
5.981000000000000227e+01
5.971999999999999886e+01
5.970000000000000284e+01
5.967000000000000171e+01
5.963000000000000256e+01
5.960999999999999943e+01
5.953999999999999915e+01
5.950000000000000000e+01
5.956000000000000227e+01
5.956000000000000227e+01
5.960999999999999943e+01
5.963000000000000256e+01
5.967999999999999972e+01
5.974000000000000199e+01
5.981000000000000227e+01
5.988000000000000256e+01
5.996999999999999886e+01
6.003000000000000114e+01
6.013000000000000256e+01
6.021999999999999886e+01
6.021000000000000085e+01
6.031000000000000227e+01
6.018999999999999773e+01
6.014999999999999858e+01
6.011999999999999744e+01
6.031000000000000227e+01
6.047999999999999687e+01
6.068999999999999773e+01
6.075000000000000000e+01
6.086999999999999744e+01
6.092999999999999972e+01
6.104999999999999716e+01
6.120000000000000284e+01
6.122999999999999687e+01
6.129999999999999716e+01
6.146999999999999886e+01
6.171999999999999886e+01
6.203999999999999915e+01
6.243999999999999773e+01
6.282999999999999829e+01
6.314000000000000057e+01
6.350000000000000000e+01
6.378999999999999915e+01
6.415000000000000568e+01
6.456000000000000227e+01
6.537000000000000455e+01
6.692000000000000171e+01
6.871999999999999886e+01
6.984999999999999432e+01
7.059000000000000341e+01
7.187000000000000455e+01
7.273000000000000398e+01
7.437000000000000455e+01
7.525000000000000000e+01
7.642000000000000171e+01
7.721999999999999886e+01
7.792000000000000171e+01
7.840000000000000568e+01
7.878000000000000114e+01
7.881999999999999318e+01
7.853000000000000114e+01
7.828000000000000114e+01
7.806000000000000227e+01
7.779000000000000625e+01
7.750000000000000000e+01
7.700000000000000000e+01
7.654999999999999716e+01
7.587000000000000455e+01
7.476999999999999602e+01
7.354000000000000625e+01
7.231999999999999318e+01
7.101999999999999602e+01
6.970999999999999375e+01
6.857999999999999829e+01
6.759999999999999432e+01
6.676000000000000512e+01
6.595000000000000284e+01
6.526000000000000512e+01
6.470999999999999375e+01
6.418000000000000682e+01
6.375000000000000000e+01
6.340999999999999659e+01
6.307000000000000028e+01
6.282999999999999829e+01
6.261999999999999744e+01
6.250999999999999801e+01
6.249000000000000199e+01
6.246999999999999886e+01
6.246000000000000085e+01
6.238000000000000256e+01
6.235000000000000142e+01
6.235000000000000142e+01
6.235000000000000142e+01
6.232999999999999829e+01
6.232999999999999829e+01
6.231000000000000227e+01
6.232999999999999829e+01
6.232999999999999829e+01
6.235000000000000142e+01
6.235000000000000142e+01
6.231000000000000227e+01
6.225999999999999801e+01
6.221999999999999886e+01
6.220000000000000284e+01
6.217000000000000171e+01
6.220000000000000284e+01
6.218999999999999773e+01
6.224000000000000199e+01
6.221999999999999886e+01
6.221999999999999886e+01
6.221999999999999886e+01
6.224000000000000199e+01
6.224000000000000199e+01
6.236999999999999744e+01
6.243999999999999773e+01
6.239999999999999858e+01
6.238000000000000256e+01
6.235000000000000142e+01
6.253000000000000114e+01
6.264999999999999858e+01
6.275999999999999801e+01
6.285000000000000142e+01
6.296000000000000085e+01
6.300000000000000000e+01
6.307000000000000028e+01
6.318999999999999773e+01
6.329999999999999716e+01
6.334000000000000341e+01
6.352000000000000313e+01
6.360999999999999943e+01
6.365999999999999659e+01
6.388000000000000256e+01
6.407999999999999829e+01
6.443999999999999773e+01
6.465000000000000568e+01
6.471999999999999886e+01
6.498999999999999488e+01
6.518999999999999773e+01
6.529999999999999716e+01
6.537000000000000455e+01
6.553000000000000114e+01
6.576999999999999602e+01
6.620000000000000284e+01
6.659999999999999432e+01
6.687000000000000455e+01
6.723000000000000398e+01
6.743999999999999773e+01
6.759999999999999432e+01
6.789000000000000057e+01
6.884999999999999432e+01
6.948999999999999488e+01
7.050000000000000000e+01
7.101999999999999602e+01
7.132999999999999829e+01
7.146999999999999886e+01
7.131000000000000227e+01
7.107999999999999829e+01
7.071999999999999886e+01
7.054000000000000625e+01
7.059000000000000341e+01
7.071999999999999886e+01
7.082999999999999829e+01
7.075000000000000000e+01
7.054000000000000625e+01
7.031999999999999318e+01
7.004999999999999716e+01
6.979999999999999716e+01
6.943999999999999773e+01
6.904000000000000625e+01
6.865000000000000568e+01
6.831000000000000227e+01
6.798000000000000398e+01
6.768999999999999773e+01
6.754999999999999716e+01
6.734999999999999432e+01
6.728000000000000114e+01
6.723999999999999488e+01
6.715000000000000568e+01
6.701000000000000512e+01
6.668999999999999773e+01
6.634000000000000341e+01
6.610999999999999943e+01
6.595000000000000284e+01
6.585999999999999943e+01
6.579999999999999716e+01
6.579000000000000625e+01
6.565999999999999659e+01
6.565999999999999659e+01
6.570999999999999375e+01
6.570999999999999375e+01
6.579999999999999716e+01
6.585999999999999943e+01
6.593000000000000682e+01
6.589000000000000057e+01
6.573000000000000398e+01
6.565999999999999659e+01
6.556999999999999318e+01
6.545999999999999375e+01
6.543000000000000682e+01
6.537000000000000455e+01
6.517000000000000171e+01
6.520999999999999375e+01
6.515999999999999659e+01
6.503000000000000114e+01
6.493999999999999773e+01
6.495999999999999375e+01
6.489000000000000057e+01
6.493999999999999773e+01
6.503000000000000114e+01
6.512000000000000455e+01
6.509999999999999432e+01
6.503000000000000114e+01
6.492000000000000171e+01
6.478000000000000114e+01
6.467000000000000171e+01
6.457999999999999829e+01
6.440000000000000568e+01
6.432999999999999829e+01
6.421999999999999886e+01
6.415000000000000568e+01
6.410999999999999943e+01
6.410999999999999943e+01
6.410999999999999943e+01
6.407999999999999829e+01
6.429000000000000625e+01
6.443999999999999773e+01
6.482999999999999829e+01
6.528000000000000114e+01
6.593000000000000682e+01
6.684999999999999432e+01
6.784000000000000341e+01
6.859000000000000341e+01
6.948000000000000398e+01
7.029999999999999716e+01
7.167000000000000171e+01
7.198000000000000398e+01
7.218000000000000682e+01
7.212000000000000455e+01
7.340000000000000568e+01
7.335999999999999943e+01
7.307999999999999829e+01
7.357999999999999829e+01
7.460999999999999943e+01
7.476999999999999602e+01
7.510999999999999943e+01
7.470000000000000284e+01
7.532999999999999829e+01
7.650000000000000000e+01
7.735999999999999943e+01
7.754000000000000625e+01
7.757999999999999829e+01
7.721999999999999886e+01
7.675000000000000000e+01
7.693000000000000682e+01
7.740999999999999659e+01
7.792000000000000171e+01
7.831000000000000227e+01
7.873000000000000398e+01
7.889000000000000057e+01
7.848000000000000398e+01
7.787999999999999545e+01
7.695999999999999375e+01
7.565000000000000568e+01
7.415999999999999659e+01
7.264000000000000057e+01
7.131000000000000227e+01
7.020000000000000284e+01
6.928000000000000114e+01
6.835999999999999943e+01
6.759000000000000341e+01
6.696999999999999886e+01
6.648999999999999488e+01
6.606000000000000227e+01
6.573000000000000398e+01
6.548000000000000398e+01
6.517000000000000171e+01
6.492000000000000171e+01
6.482999999999999829e+01
6.459999999999999432e+01
6.453000000000000114e+01
6.434999999999999432e+01
6.426000000000000512e+01
6.421999999999999886e+01
6.415000000000000568e+01
6.404000000000000625e+01
6.388000000000000256e+01
6.382000000000000028e+01
6.363000000000000256e+01
6.350000000000000000e+01
6.345000000000000284e+01
6.340999999999999659e+01
6.336999999999999744e+01
6.322999999999999687e+01
6.315999999999999659e+01
6.303000000000000114e+01
6.286999999999999744e+01
6.272999999999999687e+01
6.264999999999999858e+01
6.249000000000000199e+01
6.236999999999999744e+01
6.235000000000000142e+01
6.228000000000000114e+01
6.220000000000000284e+01
6.210000000000000142e+01
6.200999999999999801e+01
6.206000000000000227e+01
6.210000000000000142e+01
6.213000000000000256e+01
6.218999999999999773e+01
6.210999999999999943e+01
6.220000000000000284e+01
6.217000000000000171e+01
6.221999999999999886e+01
6.210000000000000142e+01
6.203999999999999915e+01
6.207999999999999829e+01
6.207999999999999829e+01
6.213000000000000256e+01
6.228000000000000114e+01
6.231000000000000227e+01
6.246999999999999886e+01
6.289000000000000057e+01
6.345000000000000284e+01
6.389999999999999858e+01
6.429000000000000625e+01
6.498000000000000398e+01
6.579000000000000625e+01
6.634000000000000341e+01
6.668999999999999773e+01
6.715000000000000568e+01
6.795000000000000284e+01
6.884999999999999432e+01
7.060999999999999943e+01
7.142000000000000171e+01
7.295000000000000284e+01
7.414000000000000057e+01
7.587999999999999545e+01
7.740000000000000568e+01
7.854999999999999716e+01
7.993000000000000682e+01
8.098000000000000398e+01
8.207999999999999829e+01
8.301000000000000512e+01
8.387999999999999545e+01
8.434000000000000341e+01
8.482999999999999829e+01
8.509999999999999432e+01
8.526000000000000512e+01
8.537000000000000455e+01
8.548000000000000398e+01
8.559000000000000341e+01
8.554999999999999716e+01
8.534999999999999432e+01
8.515000000000000568e+01
8.487000000000000455e+01
8.435999999999999943e+01
8.373000000000000398e+01
8.301000000000000512e+01
8.220000000000000284e+01
8.090999999999999659e+01
7.884000000000000341e+01
7.679999999999999716e+01
7.504000000000000625e+01
7.348999999999999488e+01
7.214000000000000057e+01
7.096999999999999886e+01
6.993000000000000682e+01
6.895000000000000284e+01
6.818000000000000682e+01
6.754999999999999716e+01
6.696999999999999886e+01
6.645000000000000284e+01
6.604000000000000625e+01
6.570000000000000284e+01
6.537000000000000455e+01
6.514000000000000057e+01
6.489000000000000057e+01
6.462999999999999545e+01
6.448999999999999488e+01
6.426000000000000512e+01
6.407999999999999829e+01
6.388000000000000256e+01
6.381000000000000227e+01
6.377000000000000313e+01
6.359000000000000341e+01
6.354999999999999716e+01
6.352000000000000313e+01
6.346000000000000085e+01
6.345000000000000284e+01
6.332000000000000028e+01
6.327000000000000313e+01
6.317999999999999972e+01
6.315999999999999659e+01
6.303000000000000114e+01
6.300000000000000000e+01
6.307000000000000028e+01
6.311999999999999744e+01
6.311999999999999744e+01
6.310000000000000142e+01
6.300999999999999801e+01
6.285000000000000142e+01
6.264000000000000057e+01
6.238000000000000256e+01
6.128999999999999915e+01
6.050999999999999801e+01
6.042000000000000171e+01
6.007999999999999829e+01
5.981000000000000227e+01
5.940999999999999659e+01
5.925000000000000000e+01
5.909000000000000341e+01
5.902000000000000313e+01
5.900000000000000000e+01
5.903999999999999915e+01
5.910999999999999943e+01
5.928999999999999915e+01
5.953999999999999915e+01
5.985999999999999943e+01
6.036999999999999744e+01
6.096000000000000085e+01
6.167999999999999972e+01
6.243999999999999773e+01
6.334000000000000341e+01
6.442000000000000171e+01
6.564000000000000057e+01
6.687000000000000455e+01
6.831999999999999318e+01
7.001999999999999602e+01
7.170999999999999375e+01
7.268000000000000682e+01
7.351000000000000512e+01
7.470000000000000284e+01
7.578000000000000114e+01
7.673000000000000398e+01
7.787999999999999545e+01
7.893999999999999773e+01
7.946999999999999886e+01
8.006000000000000227e+01
8.037000000000000455e+01
8.082999999999999829e+01
8.123000000000000398e+01
8.145999999999999375e+01
8.128000000000000114e+01
8.059999999999999432e+01
7.939000000000000057e+01
7.879999999999999716e+01
7.832999999999999829e+01
7.795000000000000284e+01
7.790000000000000568e+01
7.715999999999999659e+01
7.596999999999999886e+01
7.490999999999999659e+01
7.382999999999999829e+01
7.337999999999999545e+01
7.256999999999999318e+01
7.148999999999999488e+01
7.020999999999999375e+01
6.904000000000000625e+01
6.798000000000000398e+01
6.712000000000000455e+01
6.634000000000000341e+01
6.565999999999999659e+01
6.512000000000000455e+01
6.456000000000000227e+01
6.409000000000000341e+01
6.371999999999999886e+01
6.335999999999999943e+01
6.318999999999999773e+01
6.296000000000000085e+01
6.278000000000000114e+01
6.260000000000000142e+01
6.246000000000000085e+01
6.231000000000000227e+01
6.221999999999999886e+01
6.196999999999999886e+01
6.192000000000000171e+01
6.185999999999999943e+01
6.174000000000000199e+01
6.170000000000000284e+01
6.170000000000000284e+01
6.159000000000000341e+01
6.147999999999999687e+01
6.138000000000000256e+01
6.135999999999999943e+01
6.125000000000000000e+01
6.129999999999999716e+01
6.138000000000000256e+01
6.145000000000000284e+01
6.147999999999999687e+01
6.153999999999999915e+01
6.156000000000000227e+01
6.146999999999999886e+01
6.142999999999999972e+01
6.135999999999999943e+01
6.122999999999999687e+01
6.111999999999999744e+01
6.100000000000000000e+01
6.092999999999999972e+01
6.086999999999999744e+01
6.043999999999999773e+01
5.993999999999999773e+01
5.959000000000000341e+01
5.940999999999999659e+01
5.915999999999999659e+01
5.896000000000000085e+01
5.879999999999999716e+01
5.860000000000000142e+01
5.864000000000000057e+01
5.879999999999999716e+01
5.900000000000000000e+01
5.920000000000000284e+01
5.935999999999999943e+01
5.945000000000000284e+01
5.970000000000000284e+01
6.014999999999999858e+01
6.079999999999999716e+01
6.152000000000000313e+01
6.228999999999999915e+01
6.322999999999999687e+01
6.446999999999999886e+01
6.581999999999999318e+01
6.723999999999999488e+01
6.871999999999999886e+01
7.035999999999999943e+01
7.192000000000000171e+01
7.342000000000000171e+01
7.417000000000000171e+01
7.481999999999999318e+01
7.576000000000000512e+01
7.690999999999999659e+01
7.804000000000000625e+01
7.904999999999999716e+01
7.862000000000000455e+01
7.757999999999999829e+01
7.645999999999999375e+01
7.554000000000000625e+01
7.470999999999999375e+01
7.406999999999999318e+01
7.381000000000000227e+01
7.401000000000000512e+01
7.429999999999999716e+01
7.470999999999999375e+01
7.506999999999999318e+01
7.551999999999999602e+01
7.593999999999999773e+01
7.603000000000000114e+01
7.548999999999999488e+01
7.498000000000000398e+01
7.417000000000000171e+01
7.301999999999999602e+01
7.167000000000000171e+01
7.045000000000000284e+01
6.814000000000000057e+01
6.568000000000000682e+01
6.514000000000000057e+01
6.457999999999999829e+01
6.421999999999999886e+01
6.392999999999999972e+01
6.365999999999999659e+01
6.340999999999999659e+01
6.325000000000000000e+01
6.309000000000000341e+01
6.300000000000000000e+01
6.282000000000000028e+01
6.271000000000000085e+01
6.257999999999999829e+01
6.256000000000000227e+01
6.238000000000000256e+01
6.236999999999999744e+01
6.231000000000000227e+01
6.221999999999999886e+01
6.217000000000000171e+01
6.210999999999999943e+01
6.196999999999999886e+01
6.185999999999999943e+01
6.184000000000000341e+01
6.165999999999999659e+01
6.153999999999999915e+01
6.145000000000000284e+01
6.128999999999999915e+01
6.107000000000000028e+01
6.104999999999999716e+01
6.110999999999999943e+01
6.110999999999999943e+01
6.111999999999999744e+01
6.120000000000000284e+01
6.128999999999999915e+01
6.138000000000000256e+01
6.152000000000000313e+01
6.157000000000000028e+01
6.164999999999999858e+01
6.164999999999999858e+01
6.121000000000000085e+01
6.097999999999999687e+01
6.064000000000000057e+01
6.036999999999999744e+01
6.013000000000000256e+01
5.989999999999999858e+01
5.971999999999999886e+01
5.953999999999999915e+01
5.960999999999999943e+01
5.970000000000000284e+01
5.981000000000000227e+01
5.977000000000000313e+01
5.970000000000000284e+01
5.985999999999999943e+01
6.013000000000000256e+01
6.064000000000000057e+01
6.125000000000000000e+01
6.195000000000000284e+01
6.272999999999999687e+01
6.359000000000000341e+01
6.473999999999999488e+01
6.595000000000000284e+01
6.737000000000000455e+01
6.882999999999999829e+01
7.035999999999999943e+01
7.173999999999999488e+01
7.321999999999999886e+01
7.434000000000000341e+01
7.532999999999999829e+01
7.601000000000000512e+01
7.643999999999999773e+01
7.735999999999999943e+01
7.795000000000000284e+01
7.801000000000000512e+01
7.832999999999999829e+01
7.834999999999999432e+01
7.879999999999999716e+01
7.893999999999999773e+01
7.912000000000000455e+01
7.893999999999999773e+01
7.887000000000000455e+01
7.875000000000000000e+01
7.848999999999999488e+01
7.803000000000000114e+01
7.746999999999999886e+01
7.685999999999999943e+01
7.620999999999999375e+01
7.556000000000000227e+01
7.490999999999999659e+01
7.429999999999999716e+01
7.362999999999999545e+01
7.268000000000000682e+01
7.140000000000000568e+01
6.978000000000000114e+01
6.831000000000000227e+01
6.706000000000000227e+01
6.606000000000000227e+01
6.523000000000000398e+01
6.446999999999999886e+01
6.401999999999999602e+01
6.359000000000000341e+01
6.335999999999999943e+01
6.311999999999999744e+01
6.297999999999999687e+01
6.282999999999999829e+01
6.271000000000000085e+01
6.254999999999999716e+01
6.243999999999999773e+01
6.235000000000000142e+01
6.225999999999999801e+01
6.213000000000000256e+01
6.206000000000000227e+01
6.206000000000000227e+01
6.196999999999999886e+01
6.202000000000000313e+01
6.196999999999999886e+01
6.195000000000000284e+01
6.189999999999999858e+01
6.189999999999999858e+01
6.182999999999999829e+01
6.181000000000000227e+01
6.185999999999999943e+01
6.189999999999999858e+01
6.177000000000000313e+01
6.174000000000000199e+01
6.174000000000000199e+01
6.181000000000000227e+01
6.192000000000000171e+01
6.153999999999999915e+01
6.125000000000000000e+01
6.103000000000000114e+01
6.079999999999999716e+01
6.049000000000000199e+01
6.039000000000000057e+01
6.029999999999999716e+01
6.049000000000000199e+01
6.085000000000000142e+01
6.097999999999999687e+01
6.100000000000000000e+01
6.103000000000000114e+01
6.100000000000000000e+01
6.102000000000000313e+01
6.096000000000000085e+01
6.089000000000000057e+01
6.084000000000000341e+01
6.090999999999999659e+01
6.097999999999999687e+01
6.104999999999999716e+01
6.120000000000000284e+01
6.122999999999999687e+01
6.145000000000000284e+01
6.163000000000000256e+01
6.181000000000000227e+01
6.213000000000000256e+01
6.278000000000000114e+01
6.311999999999999744e+01
6.327000000000000313e+01
6.322999999999999687e+01
6.315999999999999659e+01
6.314000000000000057e+01
6.322999999999999687e+01
6.335999999999999943e+01
6.375000000000000000e+01
6.434999999999999432e+01
6.451000000000000512e+01
6.457999999999999829e+01
6.453000000000000114e+01
6.448999999999999488e+01
6.446999999999999886e+01
6.445000000000000284e+01
6.437999999999999545e+01
6.421999999999999886e+01
6.412999999999999545e+01
6.396999999999999886e+01
6.371999999999999886e+01
6.354999999999999716e+01
6.342999999999999972e+01
6.336999999999999744e+01
6.332000000000000028e+01
6.322999999999999687e+01
6.314000000000000057e+01
6.303000000000000114e+01
6.290999999999999659e+01
6.275999999999999801e+01
6.264000000000000057e+01
6.250999999999999801e+01
6.243999999999999773e+01
6.228999999999999915e+01
6.221999999999999886e+01
6.218999999999999773e+01
6.217000000000000171e+01
6.210000000000000142e+01
6.210999999999999943e+01
6.210999999999999943e+01
6.206000000000000227e+01
6.199000000000000199e+01
6.192999999999999972e+01
6.184000000000000341e+01
6.182999999999999829e+01
6.181000000000000227e+01
6.182999999999999829e+01
6.178999999999999915e+01
6.181000000000000227e+01
6.181000000000000227e+01
6.177000000000000313e+01
6.174000000000000199e+01
6.174000000000000199e+01
6.181000000000000227e+01
6.181000000000000227e+01
6.182999999999999829e+01
6.185999999999999943e+01
6.181000000000000227e+01
6.181000000000000227e+01
6.174000000000000199e+01
6.167999999999999972e+01
6.153999999999999915e+01
6.145000000000000284e+01
6.129999999999999716e+01
6.114000000000000057e+01
6.096000000000000085e+01
6.079999999999999716e+01
6.065999999999999659e+01
6.057000000000000028e+01
6.036999999999999744e+01
6.031000000000000227e+01
6.024000000000000199e+01
6.021000000000000085e+01
6.014999999999999858e+01
6.014999999999999858e+01
6.007999999999999829e+01
6.010000000000000142e+01
6.014999999999999858e+01
6.021999999999999886e+01
6.024000000000000199e+01
6.014999999999999858e+01
6.013000000000000256e+01
5.995000000000000284e+01
5.985999999999999943e+01
5.974000000000000199e+01
5.977000000000000313e+01
5.982999999999999829e+01
5.993999999999999773e+01
5.982999999999999829e+01
5.971999999999999886e+01
5.967000000000000171e+01
5.964999999999999858e+01
5.977000000000000313e+01
6.003000000000000114e+01
6.006000000000000227e+01
6.006000000000000227e+01
5.996999999999999886e+01
6.003000000000000114e+01
6.003999999999999915e+01
6.011999999999999744e+01
6.035000000000000142e+01
6.047999999999999687e+01
6.053000000000000114e+01
6.047999999999999687e+01
6.053000000000000114e+01
6.067000000000000171e+01
6.065999999999999659e+01
6.065999999999999659e+01
6.067000000000000171e+01
6.072999999999999687e+01
6.086999999999999744e+01
6.104999999999999716e+01
6.152000000000000313e+01
6.192000000000000171e+01
6.231000000000000227e+01
6.264999999999999858e+01
6.282999999999999829e+01
6.300000000000000000e+01
6.307000000000000028e+01
6.314000000000000057e+01
6.311999999999999744e+01
6.300000000000000000e+01
6.278000000000000114e+01
6.254999999999999716e+01
6.246999999999999886e+01
6.228000000000000114e+01
6.207999999999999829e+01
6.199000000000000199e+01
6.185999999999999943e+01
6.181000000000000227e+01
6.170000000000000284e+01
6.152000000000000313e+01
6.132000000000000028e+01
6.117999999999999972e+01
6.102000000000000313e+01
6.092999999999999972e+01
6.089000000000000057e+01
6.078000000000000114e+01
6.075999999999999801e+01
6.075000000000000000e+01
6.071000000000000085e+01
6.064000000000000057e+01
6.053000000000000114e+01
6.050999999999999801e+01
6.046000000000000085e+01
6.043999999999999773e+01
6.039999999999999858e+01
6.029999999999999716e+01
6.021000000000000085e+01
6.011999999999999744e+01
6.007999999999999829e+01
6.007999999999999829e+01
6.003000000000000114e+01
5.995000000000000284e+01
5.988000000000000256e+01
5.982999999999999829e+01
5.970000000000000284e+01
5.963000000000000256e+01
5.953999999999999915e+01
5.942999999999999972e+01
5.935999999999999943e+01
5.925000000000000000e+01
5.914000000000000057e+01
