5.592399999999999949e+01
5.568466666666667919e+01
5.542200000000001125e+01
5.507933333333333081e+01
5.480466666666666242e+01
5.457266666666666310e+01
5.435466666666665247e+01
5.417133333333332956e+01
5.395799999999999130e+01
5.376866666666666816e+01
5.359733333333333860e+01
5.342333333333332490e+01
5.322866666666665481e+01
5.315428571428570592e+01
5.298599999999999710e+01
5.283933333333332882e+01
5.272599999999999199e+01
5.263933333333333309e+01
5.260533333333334127e+01
5.258666666666668021e+01
5.247266666666666168e+01
5.233400000000001029e+01
5.210533333333332706e+01
5.189866666666667783e+01
5.171866666666666390e+01
5.154533333333333189e+01
5.142999999999999261e+01
5.126800000000001489e+01
5.109333333333334082e+01
5.098466666666665503e+01
5.084866666666666646e+01
5.070000000000000284e+01
5.051600000000000534e+01
5.032800000000000296e+01
5.017999999999999261e+01
5.002266666666666595e+01
4.996133333333333582e+01
4.998066666666667857e+01
4.994533333333333047e+01
4.986066666666667402e+01
4.998666666666666458e+01
5.007200000000000983e+01
5.014333333333332376e+01
5.030933333333334190e+01
5.054266666666666907e+01
5.068999999999999062e+01
5.079333333333332234e+01
5.077599999999998914e+01
5.083714285714285097e+01
5.094066666666665810e+01
5.102466666666666839e+01
5.141200000000000614e+01
5.214733333333333576e+01
5.313599999999998857e+01
5.410933333333332484e+01
5.500333333333333030e+01
5.586066666666668112e+01
5.616999999999999460e+01
5.614333333333333087e+01
5.589999999999999858e+01
5.578533333333333388e+01
5.565400000000001057e+01
5.562666666666666515e+01
5.597333333333333627e+01
5.654200000000000159e+01
5.678266666666666396e+01
5.695600000000000307e+01
5.710357142857142065e+01
5.723800000000001376e+01
5.735333333333332462e+01
5.783466666666666356e+01
5.846466666666666612e+01
5.874200000000001154e+01
5.894333333333333513e+01
5.904266666666665486e+01
5.890066666666666606e+01
5.844400000000000261e+01
5.801266666666666083e+01
5.762066666666666492e+01
5.723799999999998533e+01
5.703866666666666418e+01
5.688466666666666072e+01
5.665733333333333377e+01
5.643533333333333246e+01
5.615066666666668027e+01
5.566545454545453708e+01
5.521666666666667567e+01
5.496733333333333604e+01
5.473066666666666436e+01
5.454266666666666907e+01
5.429533333333333900e+01
5.415928571428572269e+01
5.396466666666665901e+01
5.391199999999999903e+01
5.384266666666665913e+01
5.373266666666667390e+01
5.351999999999999602e+01
5.344400000000000261e+01
5.352399999999999380e+01
5.352399999999999380e+01
5.333133333333333326e+01
5.328000000000000824e+01
5.334733333333331728e+01
5.340866666666666163e+01
5.329466666666665731e+01
5.314866666666667072e+01
5.314066666666666805e+01
5.324466666666665304e+01
5.333400000000001739e+01
5.313199999999999790e+01
5.304866666666667641e+01
5.336666666666666714e+01
5.341666666666666430e+01
5.348599999999999710e+01
5.329866666666666930e+01
5.337400000000000233e+01
5.347800000000000153e+01
5.348733333333333206e+01
5.355666666666667908e+01
5.370866666666665878e+01
5.384266666666666623e+01
5.376066666666666549e+01
5.369333333333332092e+01
5.388799999999999812e+01
5.398266666666665969e+01
5.403133333333332899e+01
5.396933333333333849e+01
5.382000000000000028e+01
5.377933333333332655e+01
5.398466666666665503e+01
5.408466666666667066e+01
5.410466666666665958e+01
5.400333333333333741e+01
5.411333333333332263e+01
5.421000000000000796e+01
5.436266666666666936e+01
5.437200000000000699e+01
5.417666666666666231e+01
5.419733333333333292e+01
5.411533333333333218e+01
5.406933333333333280e+01
5.407600000000001472e+01
5.406466666666666043e+01
5.388200000000001211e+01
5.366266666666665941e+01
5.363799999999999102e+01
5.387000000000000455e+01
5.448066666666667146e+01
5.538066666666667004e+01
5.638866666666667271e+01
5.741800000000000637e+01
5.855733333333333235e+01
5.966666666666666430e+01
6.087333333333334195e+01
6.219200000000000017e+01
6.350933333333333053e+01
6.499600000000000932e+01
6.651733333333332610e+01
6.802933333333334076e+01
6.951066666666665128e+01
7.082599999999999341e+01
7.217533333333334156e+01
7.354800000000000182e+01
7.486600000000001387e+01
7.594666666666668675e+01
7.687533333333334440e+01
7.785200000000000387e+01
7.886199999999999477e+01
7.970466666666668232e+01
8.021533333333333360e+01
8.062733333333332553e+01
8.093733333333332780e+01
8.109999999999999432e+01
8.089333333333334508e+01
8.072600000000002751e+01
8.050000000000000000e+01
8.013133333333333042e+01
7.956466666666666754e+01
7.865733333333334087e+01
7.737533333333335861e+01
7.573199999999999932e+01
7.373866666666665992e+01
7.127533333333333587e+01
6.899399999999999977e+01
6.703866666666667129e+01
6.536866666666666958e+01
6.396599999999999397e+01
6.298399999999999466e+01
6.227866666666667328e+01
6.167133333333333667e+01
6.121733333333333604e+01
6.086466666666665759e+01
6.064000000000001478e+01
6.045799999999999130e+01
6.039933333333332399e+01
6.032133333333334235e+01
6.027800000000000580e+01
6.012999999999999545e+01
5.995133333333333070e+01
5.979333333333333655e+01
5.967933333333332513e+01
5.955266666666665998e+01
5.945866666666665878e+01
5.939399999999999125e+01
5.938428571428571701e+01
5.928200000000000358e+01
5.923666666666667169e+01
5.909933333333331973e+01
5.897999999999998977e+01
5.888666666666667027e+01
5.877933333333332655e+01
5.871133333333332871e+01
5.864466666666666583e+01
5.856666666666664867e+01
5.843533333333333957e+01
5.826466666666666328e+01
5.810133333333331507e+01
5.803933333333332456e+01
5.809866666666667356e+01
5.807066666666667487e+01
5.799800000000001887e+01
5.789599999999999369e+01
5.776533333333334497e+01
5.768266666666665543e+01
5.754599999999998516e+01
5.741266666666667362e+01
5.727133333333333809e+01
5.718866666666665566e+01
5.715599999999999170e+01
5.712866666666666049e+01
5.722200000000000131e+01
5.734000000000001052e+01
5.730666666666666487e+01
5.693333333333332291e+01
5.675400000000001199e+01
5.669133333333332558e+01
5.669200000000001438e+01
5.667799999999998306e+01
5.663066666666667714e+01
5.662600000000000477e+01
5.693666666666666032e+01
5.716866666666668095e+01
5.750866666666666305e+01
5.771866666666666390e+01
5.782333333333333769e+01
5.798533333333333672e+01
5.802799999999999159e+01
5.809999999999999432e+01
5.818133333333333468e+01
5.826933333333332143e+01
5.836399999999999721e+01
5.856400000000000006e+01
5.890066666666666606e+01
5.932866666666666333e+01
5.975666666666666060e+01
6.008200000000000074e+01
6.029199999999999449e+01
6.030199999999999960e+01
6.017200000000000415e+01
5.999000000000000199e+01
5.990133333333332644e+01
5.984333333333332661e+01
5.982600000000000762e+01
5.976200000000000756e+01
5.980199999999999960e+01
5.980333333333332746e+01
5.971333333333334537e+01
5.966933333333332001e+01
5.960600000000000165e+01
5.952599999999999625e+01
5.947000000000001307e+01
5.951133333333333297e+01
5.935533333333334127e+01
5.917999999999999261e+01
5.905133333333332502e+01
5.912933333333333508e+01
5.931666666666666998e+01
5.941199999999999193e+01
5.940733333333332666e+01
5.939466666666666583e+01
5.939666666666665407e+01
5.943533333333333957e+01
5.953866666666666418e+01
5.963799999999999812e+01
5.964733333333333576e+01
5.971266666666667078e+01
5.969466666666664878e+01
5.964066666666666805e+01
5.950600000000000733e+01
5.945200000000000529e+01
5.943266666666666964e+01
5.947266666666666879e+01
5.947800000000001575e+01
5.942466666666665986e+01
5.940866666666666163e+01
5.941333333333331979e+01
5.936466666666667891e+01
5.932866666666667754e+01
5.936999999999999744e+01
5.944133333333333269e+01
5.963866666666665139e+01
5.979866666666666930e+01
5.983666666666667311e+01
5.988066666666665583e+01
5.994866666666668209e+01
6.003933333333332456e+01
6.013666666666665606e+01
6.025266666666666993e+01
6.036466666666667180e+01
6.046333333333333826e+01
6.056466666666666754e+01
6.069066666666667231e+01
6.072266666666667589e+01
6.076266666666665373e+01
6.079733333333332723e+01
6.085999999999999943e+01
6.092642857142857338e+01
6.099933333333332541e+01
6.105466666666665532e+01
6.113399999999999324e+01
6.119266666666668186e+01
6.121133333333334292e+01
6.123466666666666214e+01
6.124466666666667436e+01
6.125333333333333030e+01
6.127666666666666373e+01
6.127799999999999159e+01
6.128733333333332212e+01
6.141133333333333155e+01
6.152266666666667305e+01
6.163199999999999079e+01
6.177466666666665418e+01
6.191066666666667828e+01
6.202800000000000580e+01
6.202733333333332411e+01
6.203199999999998937e+01
6.202599999999998914e+01
6.205600000000000449e+01
6.207466666666667265e+01
6.210933333333333195e+01
6.216800000000000637e+01
6.221799999999999642e+01
6.227066666666666350e+01
6.231785714285715727e+01
6.241500000000001336e+01
6.247466666666667123e+01
6.255333333333334878e+01
6.260133333333332928e+01
6.272533333333332450e+01
6.278399999999999181e+01
6.282666666666668220e+01
6.288533333333332109e+01
6.293733333333332780e+01
6.300266666666666993e+01
6.310333333333334593e+01
6.315266666666665429e+01
6.326733333333333320e+01
6.334333333333334082e+01
6.355933333333334190e+01
6.364733333333332865e+01
6.367600000000000193e+01
6.367866666666666475e+01
6.369733333333333292e+01
6.368800000000000239e+01
6.366666666666665719e+01
6.366533333333334355e+01
6.373066666666667857e+01
6.377399999999999380e+01
6.368199999999999505e+01
6.355799999999999272e+01
6.340733333333333377e+01
6.327666666666667084e+01
6.314733333333333576e+01
6.312799999999999301e+01
6.306333333333332547e+01
6.283866666666666845e+01
6.257266666666667021e+01
6.230799999999999983e+01
6.200666666666666771e+01
6.179399999999999693e+01
6.156333333333332547e+01
6.139333333333332376e+01
6.113333333333332575e+01
6.089266666666666339e+01
6.072533333333333161e+01
6.055599999999999739e+01
6.033066666666665867e+01
6.010066666666666890e+01
5.994599999999999795e+01
5.987333333333333485e+01
5.984533333333333616e+01
5.976000000000000512e+01
5.962133333333334662e+01
5.953800000000000381e+01
5.940066666666666606e+01
5.930666666666666487e+01
5.919200000000000017e+01
5.917133333333332246e+01
5.913928571428571246e+01
5.906733333333332325e+01
5.894133333333332558e+01
5.882999999999999829e+01
5.866571428571428726e+01
5.857666666666666799e+01
5.849733333333333718e+01
5.838333333333333286e+01
5.833800000000000807e+01
5.830733333333331814e+01
5.821333333333334537e+01
5.806666666666665577e+01
5.795928571428571274e+01
5.783533333333332394e+01
5.774866666666667214e+01
5.769733333333333292e+01
5.763400000000000034e+01
5.761066666666667402e+01
5.754333333333332234e+01
5.750533333333333275e+01
5.745866666666667300e+01
5.746466666666666612e+01
5.738866666666667271e+01
5.730333333333332746e+01
5.713999999999999346e+01
5.694399999999998840e+01
5.687266666666666737e+01
5.697133333333333383e+01
5.710733333333333661e+01
5.730666666666665776e+01
5.751799999999999358e+01
5.769533333333333758e+01
5.785133333333332928e+01
5.799933333333333252e+01
5.792666666666666231e+01
5.790400000000001057e+01
5.805066666666667174e+01
5.818733333333334201e+01
5.831666666666667709e+01
5.844800000000000750e+01
5.855066666666666464e+01
5.875000000000000711e+01
5.898133333333332473e+01
5.940066666666666606e+01
5.992533333333333445e+01
6.106200000000000472e+01
6.177533333333334298e+01
6.268200000000000216e+01
6.351066666666667260e+01
6.495733333333332382e+01
6.639000000000000057e+01
6.766799999999999216e+01
6.900533333333333985e+01
7.046866666666666390e+01
7.153466666666666640e+01
7.205400000000000205e+01
7.256733333333333746e+01
7.304333333333332234e+01
7.383200000000000784e+01
7.397800000000000864e+01
7.418133333333331336e+01
7.422466666666666413e+01
7.425933333333333053e+01
7.425533333333332564e+01
7.408866666666668266e+01
7.341066666666667118e+01
7.292066666666666208e+01
7.197133333333333383e+01
7.037266666666667447e+01
6.904066666666666663e+01
6.759666666666664980e+01
6.620200000000001239e+01
6.490142857142858190e+01
6.364333333333333798e+01
6.246333333333333115e+01
6.141333333333333400e+01
6.050866666666666305e+01
5.982133333333332814e+01
5.921533333333333360e+01
5.874600000000000222e+01
5.833933333333334303e+01
5.801199999999999335e+01
5.777600000000000335e+01
5.763266666666667248e+01
5.746399999999999153e+01
5.732066666666666066e+01
5.719133333333333269e+01
5.710333333333334593e+01
5.703866666666665708e+01
5.695733333333332382e+01
5.691799999999998505e+01
5.688733333333333064e+01
5.687266666666666737e+01
5.684400000000000830e+01
5.681066666666666265e+01
5.678866666666665708e+01
5.677066666666666350e+01
5.672533333333333161e+01
5.669466666666667010e+01
5.663533333333334241e+01
5.655400000000000205e+01
5.652000000000000313e+01
5.646599999999999397e+01
5.630666666666665776e+01
5.620333333333333314e+01
5.614200000000000301e+01
5.610800000000001120e+01
5.604399999999999693e+01
5.596266666666665657e+01
5.589133333333332843e+01
5.585133333333335059e+01
5.579933333333331547e+01
5.578533333333332678e+01
5.582733333333334969e+01
5.581733333333332325e+01
5.579666666666665265e+01
5.572133333333334093e+01
5.571533333333334070e+01
5.568066666666666009e+01
5.560199999999999676e+01
5.542666666666666231e+01
5.530266666666665998e+01
5.518866666666666276e+01
5.509666666666667822e+01
5.503933333333333877e+01
5.492600000000000193e+01
5.483133333333333326e+01
5.476714285714286490e+01
5.467533333333332735e+01
5.463800000000000523e+01
5.457000000000000028e+01
5.459133333333333837e+01
5.470999999999999375e+01
5.489133333333332843e+01
5.539999999999999858e+01
5.629333333333332945e+01
5.736000000000000654e+01
5.851066666666666549e+01
5.956000000000000938e+01
6.069000000000000483e+01
6.180199999999999960e+01
6.285533333333333417e+01
6.434000000000000341e+01
6.589066666666667516e+01
6.723999999999999488e+01
6.857866666666667754e+01
7.018800000000000239e+01
7.178400000000000603e+01
7.325400000000000489e+01
7.428533333333331257e+01
7.430733333333333235e+01
7.484866666666668777e+01
7.516066666666665697e+01
7.543133333333331336e+01
7.568333333333333712e+01
7.601666666666666572e+01
7.584266666666667334e+01
7.594800000000000750e+01
7.594933333333334247e+01
7.582999999999999829e+01
7.542533333333334156e+01
7.491133333333333155e+01
7.442399999999999238e+01
7.352466666666666129e+01
7.248000000000001819e+01
7.129333333333333655e+01
6.998933333333333451e+01
6.858266666666666822e+01
6.725666666666667481e+01
6.605666666666667197e+01
6.503733333333333633e+01
6.425666666666666060e+01
6.363066666666666293e+01
6.315200000000000813e+01
6.279333333333332234e+01
6.253466666666667351e+01
6.231933333333333280e+01
6.209599999999999653e+01
6.189800000000001035e+01
6.173733333333333917e+01
6.160466666666665958e+01
6.142133333333333667e+01
6.122333333333333627e+01
6.100000000000000711e+01
6.080066666666666464e+01
6.066266666666665941e+01
6.051533333333334497e+01
6.037200000000000699e+01
6.025533333333333275e+01
6.014733333333334286e+01
5.996733333333334315e+01
5.979266666666667618e+01
5.969866666666666077e+01
5.960000000000001563e+01
5.950533333333334696e+01
5.946466666666667322e+01
5.952533333333332877e+01
5.957933333333334502e+01
5.960600000000000875e+01
5.959733333333334571e+01
5.960400000000000631e+01
5.958066666666666578e+01
5.951466666666666328e+01
5.944466666666667720e+01
5.940466666666667095e+01
5.930933333333333479e+01
5.919133333333332558e+01
5.911466666666667891e+01
5.903333333333333144e+01
5.888400000000000745e+01
5.869533333333333047e+01
5.850400000000000489e+01
5.832799999999998875e+01
5.818533333333333957e+01
5.798866666666666703e+01
5.784066666666667800e+01
5.772066666666668056e+01
5.752466666666667550e+01
5.742199999999999704e+01
5.730533333333332990e+01
5.724266666666667192e+01
5.718933333333332314e+01
5.709533333333334326e+01
5.697466666666667123e+01
5.695600000000001728e+01
5.690533333333333132e+01
5.693199999999999505e+01
5.697199999999999420e+01
5.716066666666666407e+01
5.765066666666666606e+01
5.827666666666667794e+01
5.877466666666667550e+01
5.899866666666665793e+01
5.912800000000000011e+01
5.924866666666666504e+01
5.947133333333334093e+01
6.014666666666666828e+01
6.084866666666665225e+01
6.128266666666666396e+01
6.194666666666666544e+01
6.269199999999999307e+01
6.320599999999999596e+01
6.327533333333334298e+01
6.340599999999998460e+01
6.380466666666667663e+01
6.515600000000000591e+01
6.550266666666666993e+01
6.548600000000000421e+01
6.545800000000001262e+01
6.523466666666666924e+01
6.490733333333334087e+01
6.454466666666668573e+01
6.442666666666666231e+01
6.435866666666667868e+01
6.438466666666664651e+01
6.488066666666667004e+01
6.542599999999998772e+01
6.583333333333334281e+01
6.587333333333334906e+01
6.583333333333331439e+01
6.552666666666667084e+01
6.507733333333332837e+01
6.458200000000000784e+01
6.409333333333331950e+01
6.366533333333332934e+01
6.324800000000001177e+01
6.292600000000000193e+01
6.262799999999999301e+01
6.235266666666666424e+01
6.212133333333334662e+01
6.194599999999999795e+01
6.175266666666666993e+01
6.160600000000000165e+01
6.146733333333333604e+01
5.761400000000000432e+01
5.745133333333333070e+01
5.726666666666667282e+01
5.708666666666666600e+01
5.690866666666666163e+01
5.674400000000000688e+01
5.655133333333333212e+01
5.642066666666666208e+01
5.629400000000000404e+01
5.616733333333332467e+01
5.609333333333334082e+01
5.601666666666667282e+01
5.589133333333334264e+01
5.577733333333333121e+01
5.561999999999999744e+01
5.549399999999999977e+01
5.538600000000000279e+01
5.530866666666666021e+01
5.523999999999999488e+01
5.526933333333332854e+01
5.529200000000000870e+01
5.533066666666666578e+01
5.541333333333333400e+01
5.544133333333333979e+01
5.545000000000000995e+01
5.545466666666667521e+01
5.543666666666665321e+01
5.537400000000000233e+01
5.533800000000000097e+01
5.524800000000000466e+01
5.519599999999999085e+01
5.516599999999998261e+01
5.510400000000002052e+01
5.504533333333332479e+01
5.497266666666666168e+01
5.492533333333332735e+01
5.486666666666667425e+01
5.488799999999999812e+01
5.498666666666667169e+01
5.505800000000000693e+01
5.517599999999999483e+01
5.539800000000001035e+01
5.562666666666667226e+01
5.585333333333333172e+01
5.605866666666666731e+01
5.615666666666665918e+01
5.632266666666668442e+01
5.636466666666665759e+01
5.631466666666667464e+01
5.617133333333332246e+01
5.609133333333333127e+01
5.615000000000000568e+01
5.641533333333333644e+01
5.653733333333333633e+01
5.656866666666667243e+01
5.656733333333334457e+01
5.673866666666665992e+01
5.695599999999999596e+01
5.722400000000000375e+01
5.739799999999999613e+01
5.743333333333335133e+01
5.750866666666665594e+01
5.768599999999999994e+01
5.791733333333333178e+01
5.812533333333332308e+01
5.810666666666667624e+01
5.806866666666667243e+01
5.806133333333332303e+01
5.817999999999999972e+01
5.825666666666666060e+01
5.828466666666665930e+01
5.831000000000000938e+01
5.847133333333332672e+01
5.855933333333334190e+01
5.864599999999999369e+01
5.857933333333334502e+01
5.852333333333332632e+01
5.845933333333334758e+01
5.862266666666666026e+01
5.875933333333332342e+01
5.886333333333333684e+01
5.905200000000000671e+01
5.915199999999997971e+01
5.912133333333333951e+01
5.906066666666664844e+01
5.892066666666666919e+01
5.886466666666667180e+01
5.880133333333332502e+01
5.867933333333333934e+01
5.854799999999998761e+01
5.849066666666666947e+01
5.845466666666666100e+01
5.832266666666666310e+01
5.829133333333332700e+01
5.822600000000000620e+01
5.815933333333332200e+01
5.807599999999999341e+01
5.803933333333331746e+01
5.801933333333332143e+01
5.806000000000001648e+01
5.815933333333335753e+01
5.827199999999999847e+01
5.834200000000000585e+01
5.830533333333333701e+01
5.829466666666666441e+01
5.824600000000000222e+01
5.818733333333332780e+01
5.811866666666667669e+01
5.808400000000001029e+01
5.802666666666666373e+01
5.788933333333334730e+01
5.773133333333335315e+01
5.762600000000000477e+01
5.756333333333332547e+01
5.750600000000000023e+01
5.745866666666665168e+01
5.742399999999997817e+01
5.739466666666666583e+01
5.738400000000000034e+01
5.738533333333332109e+01
5.736266666666666936e+01
5.728857142857142293e+01
5.728066666666665441e+01
5.727066666666666350e+01
5.729200000000000870e+01
5.730600000000001160e+01
5.727266666666666595e+01
5.717399999999999949e+01
5.710600000000000875e+01
5.710333333333334593e+01
5.711133333333334150e+01
5.711199999999999477e+01
5.715466666666665674e+01
5.714799999999998903e+01
5.713199999999999079e+01
5.715733333333331956e+01
5.730733333333333945e+01
5.760466666666666669e+01
5.788400000000001455e+01
5.802866666666665907e+01
5.800533333333333275e+01
5.801066666666665839e+01
5.797266666666667589e+01
5.776133333333334008e+01
5.774533333333333474e+01
5.766666666666667140e+01
5.753066666666666862e+01
5.755933333333333479e+01
5.786866666666665537e+01
5.841400000000000148e+01
5.917666666666666941e+01
6.014466666666667294e+01
6.139333333333333798e+01
6.257866666666665623e+01
6.335600000000000165e+01
6.459533333333334326e+01
6.593200000000000216e+01
6.743866666666666276e+01
6.894133333333334690e+01
7.021599999999999397e+01
7.104933333333333678e+01
7.184999999999999432e+01
7.265066666666666606e+01
7.357933333333333792e+01
7.459066666666667800e+01
7.552800000000000580e+01
7.634866666666667356e+01
7.699200000000000443e+01
7.740866666666667584e+01
7.740533333333333132e+01
7.702466666666667550e+01
7.642266666666667163e+01
7.587600000000000477e+01
7.543533333333333246e+01
7.521000000000002217e+01
7.526799999999998647e+01
7.505400000000001626e+01
7.392933333333333223e+01
7.185600000000000875e+01
6.909999999999999432e+01
6.652199999999999136e+01
6.426333333333333542e+01
6.245466666666666100e+01
6.113066666666667004e+01
6.012600000000000477e+01
5.931066666666666265e+01
5.845133333333333781e+01
5.772199999999999420e+01
5.707799999999999585e+01
5.663266666666665827e+01
5.630066666666667174e+01
5.615733333333333377e+01
5.592399999999999238e+01
5.561266666666666936e+01
5.521466666666666612e+01
5.490200000000000102e+01
5.465733333333334087e+01
5.438533333333332820e+01
5.437200000000000699e+01
5.423733333333333917e+01
5.407666666666666089e+01
5.398400000000000176e+01
5.369333333333333513e+01
5.329266666666666907e+01
5.314200000000000301e+01
5.318866666666666276e+01
5.330399999999999494e+01
5.304799999999999471e+01
5.266599999999998971e+01
5.257533333333334014e+01
5.251133333333332587e+01
5.247933333333332939e+01
5.241466666666666185e+01
5.240933333333332911e+01
5.211666666666667425e+01
5.168266666666666964e+01
5.147799999999999443e+01
5.121066666666665412e+01
5.097733333333333405e+01
5.087800000000000722e+01
5.075999999999999801e+01
5.068666666666667453e+01
5.056866666666666532e+01
5.042000000000000171e+01
5.027799999999999869e+01
5.013533333333334951e+01
5.009266666666667334e+01
5.019666666666667254e+01
5.025000000000000000e+01
5.030933333333334190e+01
5.031266666666667220e+01
5.033066666666665867e+01
5.029999999999999716e+01
5.022933333333333650e+01
5.012666666666667226e+01
5.007066666666666777e+01
5.005571428571430204e+01
5.004933333333332968e+01
5.005666666666666487e+01
4.995266666666666566e+01
4.994199999999999307e+01
4.998533333333332962e+01
5.030466666666666242e+01
5.083266666666666822e+01
5.134533333333332905e+01
5.202199999999999847e+01
5.276066666666666549e+01
5.357333333333333059e+01
5.446733333333334315e+01
5.569066666666666521e+01
5.692266666666667163e+01
5.807000000000000028e+01
5.921133333333332871e+01
6.038266666666666538e+01
6.154066666666667373e+01
6.276533333333333786e+01
6.402933333333332655e+01
6.533599999999999852e+01
6.659400000000000830e+01
6.772599999999998488e+01
6.882599999999999341e+01
6.990733333333334087e+01
7.089133333333333553e+01
7.176600000000000534e+01
7.251066666666665128e+01
7.313533333333334951e+01
7.350133333333333496e+01
7.357800000000000296e+01
7.345733333333335224e+01
7.330466666666666242e+01
7.306066666666667686e+01
7.273399999999999466e+01
7.238866666666667982e+01
7.192133333333332246e+01
7.133733333333333348e+01
7.068399999999999750e+01
6.963666666666667027e+01
6.768133333333334178e+01
6.533733333333331927e+01
6.301333333333334252e+01
6.097666666666667368e+01
5.922866666666666191e+01
5.779200000000000159e+01
5.665200000000000102e+01
5.583800000000000097e+01
5.529866666666666930e+01
5.507799999999998875e+01
5.484199999999999875e+01
5.471199999999999619e+01
5.445266666666666566e+01
5.434866666666667356e+01
5.430133333333333212e+01
5.396600000000000108e+01
5.347599999999998488e+01
5.325933333333333053e+01
5.299400000000001398e+01
5.294933333333333536e+01
5.275999999999999801e+01
5.249333333333333940e+01
5.245600000000001017e+01
5.256866666666665822e+01
5.261666666666666714e+01
5.258066666666667999e+01
5.270533333333334269e+01
5.256933333333333280e+01
5.223200000000000642e+01
5.213599999999999568e+01
5.207333333333334480e+01
5.205133333333333923e+01
5.194666666666665122e+01
5.193400000000001171e+01
5.191599999999998971e+01
5.205066666666667174e+01
5.215933333333332911e+01
5.217133333333332956e+01
5.202066666666666350e+01
5.213800000000000523e+01
5.225800000000000267e+01
5.223266666666667390e+01
5.222066666666667345e+01
5.232599999999999341e+01
5.244466666666667010e+01
5.241733333333332467e+01
5.240642857142855604e+01
5.247066666666667345e+01
5.241266666666665230e+01
5.232866666666667044e+01
5.234866666666667356e+01
5.224400000000000688e+01
5.200400000000000489e+01
5.201999999999999602e+01
5.207400000000000517e+01
5.226200000000000756e+01
5.257933333333333081e+01
5.293600000000000705e+01
5.326400000000000290e+01
5.327933333333333366e+01
5.336999999999999744e+01
5.373333333333333428e+01
5.439933333333333110e+01
5.522999999999999687e+01
5.601199999999999335e+01
5.695133333333333070e+01
5.797133333333332672e+01
5.907400000000000517e+01
6.017266666666667874e+01
6.117933333333333223e+01
6.224733333333333718e+01
6.317666666666666231e+01
6.411999999999999034e+01
6.492733333333333690e+01
6.582266666666666310e+01
6.679000000000000625e+01
6.775466666666666526e+01
6.872733333333333405e+01
6.968933333333332314e+01
7.073199999999999932e+01
7.122466666666666413e+01
7.154800000000000182e+01
7.178600000000000136e+01
7.202800000000000580e+01
7.213666666666668448e+01
7.220266666666665856e+01
7.228133333333335031e+01
7.201533333333331655e+01
7.154333333333332234e+01
7.082266666666667732e+01
6.989642857142857224e+01
6.934399999999997988e+01
6.950142857142856201e+01
6.999533333333332052e+01
7.038800000000000523e+01
7.060266666666666424e+01
7.005266666666668129e+01
6.845666666666667766e+01
6.660866666666666447e+01
6.485866666666666447e+01
6.334666666666666401e+01
6.203733333333334343e+01
6.094133333333333269e+01
6.000333333333333030e+01
5.915666666666665918e+01
5.844266666666666765e+01
5.780066666666666464e+01
5.730533333333334411e+01
5.685266666666666424e+01
5.649599999999999511e+01
5.621866666666666390e+01
5.590733333333334087e+01
5.564733333333333576e+01
5.536266666666666936e+01
5.512600000000000477e+01
5.495399999999998641e+01
5.482733333333332837e+01
5.473533333333331541e+01
5.463400000000000034e+01
5.454133333333333411e+01
5.442333333333333201e+01
5.429666666666666686e+01
5.414466666666667294e+01
5.402133333333333809e+01
5.395733333333333093e+01
5.384733333333333150e+01
5.367933333333333223e+01
5.356599999999998829e+01
5.348666666666667169e+01
5.347200000000000131e+01
5.344066666666667231e+01
5.343799999999999528e+01
5.336933333333333707e+01
5.335200000000001097e+01
5.330399999999999494e+01
5.324200000000000443e+01
5.318866666666666987e+01
5.308466666666664935e+01
5.295266666666666566e+01
5.288399999999999324e+01
5.283866666666667555e+01
5.272799999999999443e+01
5.253999999999999204e+01
5.227866666666666617e+01
5.199933333333331831e+01
5.189466666666667294e+01
5.183733333333332638e+01
5.173533333333333672e+01
5.171199999999999619e+01
5.163866666666667982e+01
5.152066666666667061e+01
5.143399999999999750e+01
5.128866666666666418e+01
5.115533333333334554e+01
5.103266666666666396e+01
5.100199999999999534e+01
5.109799999999999898e+01
5.140999999999999659e+01
5.194933333333333536e+01
5.264000000000000057e+01
5.343866666666666276e+01
5.462266666666666026e+01
5.607000000000000028e+01
5.759266666666667334e+01
5.916666666666667140e+01
6.071466666666666612e+01
6.222599999999999909e+01
6.367799999999999017e+01
6.508066666666665867e+01
6.641200000000000614e+01
6.754333333333332234e+01
6.865733333333332666e+01
6.962533333333333019e+01
7.043266666666666254e+01
7.111199999999999477e+01
7.137600000000000477e+01
7.184999999999999432e+01
7.235333333333332462e+01
7.265399999999999636e+01
7.280933333333332769e+01
7.283266666666668243e+01
7.280733333333333235e+01
7.282999999999998408e+01
7.274600000000002353e+01
7.259599999999998943e+01
7.236800000000000921e+01
7.155066666666667174e+01
7.028928571428572525e+01
6.892733333333333690e+01
6.755333333333332746e+01
6.648999999999999488e+01
6.609333333333333371e+01
6.542466666666665276e+01
6.434600000000000364e+01
6.317799999999999727e+01
6.212733333333333263e+01
6.125999999999999801e+01
6.061266666666666225e+01
6.009466666666666868e+01
5.975199999999999534e+01
5.950200000000000244e+01
5.927733333333333832e+01
5.907333333333333059e+01
5.899400000000000688e+01
5.890200000000000102e+01
5.877733333333333121e+01
5.865200000000000813e+01
5.848933333333332740e+01
5.828133333333333610e+01
5.817866666666666475e+01
5.806533333333332081e+01
5.797066666666668056e+01
5.802999999999998693e+01
5.819266666666666765e+01
5.832533333333334014e+01
5.848333333333332718e+01
5.857466666666667265e+01
5.867533333333334156e+01
5.872400000000000375e+01
5.880133333333334633e+01
5.885200000000000387e+01
5.890799999999999415e+01
5.896800000000000352e+01
5.897466666666666413e+01
5.894733333333333292e+01
5.891133333333332445e+01
5.892733333333332979e+01
5.894133333333333979e+01
5.896999999999999886e+01
5.903200000000001779e+01
5.913399999999999324e+01
5.924866666666666504e+01
5.931000000000000938e+01
5.933866666666666845e+01
5.939466666666666583e+01
5.941599999999998261e+01
5.942133333333332246e+01
5.944000000000000483e+01
5.944333333333334224e+01
5.944866666666665367e+01
5.946600000000000108e+01
5.949666666666666970e+01
5.945933333333334758e+01
5.947800000000000153e+01
5.953399999999998471e+01
5.958266666666667533e+01
5.964933333333331689e+01
5.973866666666666703e+01
5.986599999999999255e+01
5.994000000000001194e+01
6.000933333333332342e+01
6.009666666666667112e+01
6.013666666666665606e+01
6.012133333333333951e+01
6.009933333333334815e+01
6.009800000000000608e+01
6.018200000000000927e+01
6.029800000000000182e+01
6.043333333333334423e+01
6.059333333333332661e+01
6.077666666666666373e+01
6.098199999999999932e+01
6.120399999999999352e+01
6.141466666666666896e+01
6.165266666666666850e+01
6.192533333333333445e+01
6.221866666666667101e+01
6.247999999999999687e+01
6.271799999999999642e+01
6.292266666666666453e+01
6.312933333333332087e+01
6.335333333333333172e+01
6.366200000000001324e+01
6.401866666666667527e+01
6.462266666666667447e+01
6.569266666666666765e+01
6.710599999999999454e+01
6.832400000000001228e+01
6.925600000000000023e+01
7.028199999999999648e+01
7.151399999999998158e+01
7.254466666666665731e+01
7.345800000000001262e+01
7.432933333333333792e+01
7.485727272727272918e+01
7.501600000000000534e+01
7.487399999999999523e+01
7.453666666666666174e+01
7.376933333333333564e+01
7.245466666666668232e+01
7.090866666666667584e+01
6.942866666666665765e+01
6.814666666666666117e+01
6.709266666666665913e+01
6.623533333333332962e+01
6.544799999999999329e+01
6.479333333333333655e+01
6.417333333333333201e+01
6.367133333333332956e+01
6.323000000000000398e+01
6.280399999999999494e+01
6.248000000000000398e+01
6.223200000000000642e+01
6.204066666666667373e+01
6.186666666666668135e+01
6.175533333333332564e+01
6.156266666666666509e+01
6.129666666666666686e+01
6.104800000000000182e+01
6.086800000000000210e+01
6.066933333333333422e+01
6.047800000000000153e+01
6.045066666666666322e+01
6.044000000000000483e+01
6.038466666666667493e+01
6.031933333333332570e+01
6.022800000000000153e+01
6.013533333333334241e+01
6.007466666666667265e+01
5.997933333333335071e+01
5.996000000000001506e+01
5.992266666666665031e+01
5.991066666666665697e+01
5.985200000000001097e+01
5.976333333333334252e+01
5.970933333333334758e+01
5.966666666666665719e+01
5.961599999999999966e+01
5.951066666666667260e+01
5.937666666666667936e+01
5.938199999999998369e+01
5.943066666666666009e+01
5.949333333333332519e+01
5.956200000000000472e+01
5.957800000000001006e+01
5.962866666666666049e+01
5.977733333333333832e+01
5.978399999999998471e+01
5.982399999999999807e+01
5.984600000000000364e+01
6.001199999999999335e+01
6.026266666666667504e+01
6.037133333333333240e+01
6.042466666666665986e+01
6.034600000000001074e+01
6.023133333333333184e+01
6.016533333333332934e+01
6.008399999999999608e+01
6.004000000000000625e+01
6.011692307692305803e+01
6.046428571428571530e+01
6.103999999999999204e+01
6.174933333333333962e+01
6.269533333333332337e+01
6.385866666666666447e+01
6.523933333333334872e+01
6.668933333333335156e+01
6.815133333333334065e+01
6.969999999999998863e+01
7.126399999999999579e+01
7.289333333333334508e+01
7.449666666666665549e+01
7.603799999999999670e+01
7.734399999999999409e+01
7.847199999999999420e+01
7.953133333333333610e+01
8.044599999999998374e+01
8.128199999999999648e+01
8.205066666666668596e+01
8.274133333333332985e+01
8.335333333333332462e+01
8.399800000000000466e+01
8.459733333333333860e+01
8.509999999999999432e+01
8.555666666666667197e+01
8.578999999999999204e+01
8.588714285714284813e+01
8.586066666666667402e+01
8.554866666666666219e+01
8.512466666666665560e+01
8.452933333333334076e+01
8.379599999999999227e+01
8.303333333333333144e+01
8.215000000000000568e+01
8.092533333333334156e+01
7.938733333333333064e+01
7.773933333333333451e+01
7.620466666666666811e+01
7.484199999999999875e+01
7.339866666666665651e+01
7.199800000000001887e+01
7.078400000000000603e+01
6.975266666666666993e+01
6.889733333333333576e+01
6.824600000000000932e+01
6.766799999999999216e+01
6.720933333333333337e+01
6.678733333333333633e+01
6.640733333333334087e+01
6.607733333333332837e+01
6.573400000000000887e+01
6.547399999999998954e+01
6.519266666666665344e+01
6.496199999999998909e+01
6.471333333333333826e+01
6.449199999999999022e+01
6.435866666666666447e+01
6.421666666666666856e+01
6.411666666666667425e+01
6.406266666666665799e+01
6.396933333333333138e+01
6.394733333333333292e+01
6.391066666666666407e+01
6.383866666666668266e+01
6.373799999999999244e+01
6.355199999999999960e+01
6.340466666666666384e+01
6.338399999999999324e+01
6.338733333333332354e+01
6.341666666666665719e+01
6.336000000000000654e+01
6.335200000000000387e+01
6.335600000000000165e+01
6.339133333333332843e+01
6.345866666666667300e+01
6.353066666666665441e+01
6.352733333333333121e+01
6.348466666666667635e+01
6.346333333333334537e+01
6.344333333333333513e+01
6.340466666666666384e+01
6.332933333333333792e+01
6.332133333333333525e+01
6.331200000000001182e+01
6.332133333333333525e+01
6.304600000000000648e+01
6.269333333333333513e+01
6.254333333333332234e+01
6.241533333333333644e+01
6.227466666666666839e+01
6.215999999999998948e+01
6.204733333333332013e+01
6.202999999999998693e+01
6.198733333333333917e+01
6.201599999999998403e+01
6.215933333333334332e+01
6.226866666666664685e+01
6.238266666666667959e+01
6.265999999999999659e+01
6.307599999999999341e+01
6.347466666666666413e+01
6.387266666666666737e+01
6.496599999999999397e+01
6.629600000000000648e+01
6.734466666666666868e+01
6.792533333333334156e+01
6.851200000000001467e+01
6.877933333333334076e+01
6.934466666666665446e+01
6.996866666666667811e+01
7.047200000000000841e+01
7.115066666666666606e+01
7.244266666666665344e+01
7.332266666666667732e+01
7.520599999999998886e+01
7.685200000000000387e+01
7.827733333333331700e+01
7.950266666666668414e+01
8.047933333333334360e+01
8.144266666666665344e+01
8.227266666666666595e+01
8.303533333333332678e+01
8.357266666666666310e+01
8.417857142857143060e+01
8.466466666666666185e+01
8.484733333333333860e+01
8.488599999999998147e+01
8.460666666666666913e+01
8.427533333333333587e+01
8.385399999999999920e+01
8.313466666666666072e+01
8.196266666666669209e+01
8.057600000000000762e+01
7.930066666666667174e+01
7.812357142857142378e+01
7.698466666666668345e+01
7.590133333333332644e+01
7.477800000000002001e+01
7.353600000000001558e+01
7.232933333333333792e+01
7.120866666666665878e+01
7.020333333333333314e+01
6.926600000000000534e+01
6.846933333333332428e+01
6.783533333333333815e+01
6.729733333333332723e+01
6.684599999999998943e+01
6.644133333333333269e+01
6.608266666666666822e+01
6.573933333333334872e+01
6.543599999999999284e+01
6.517000000000000171e+01
6.487866666666666049e+01
6.463928571428571956e+01
6.440933333333333621e+01
6.420733333333333803e+01
6.403799999999999670e+01
6.389000000000000767e+01
6.376799999999999358e+01
6.364599999999999369e+01
6.355533333333333701e+01
6.338066666666667004e+01
6.327466666666666839e+01
6.314533333333334042e+01
6.304933333333333678e+01
6.291400000000000148e+01
6.278933333333332456e+01
6.266666666666666430e+01
6.254466666666665731e+01
6.246933333333334559e+01
6.246200000000000330e+01
6.245066666666666322e+01
6.239666666666666117e+01
6.234599999999998943e+01
6.225533333333333275e+01
6.211200000000000188e+01
6.198533333333332962e+01
6.194133333333331848e+01
6.188000000000000256e+01
6.186933333333332996e+01
6.184466666666666868e+01
6.174333333333333940e+01
6.137800000000000011e+01
6.113533333333332820e+01
6.090066666666666606e+01
6.072999999999999687e+01
6.055266666666667419e+01
6.039400000000000546e+01
6.024666666666667680e+01
6.012333333333333485e+01
6.008200000000000074e+01
6.012866666666666760e+01
6.046133333333333582e+01
6.101399999999999579e+01
6.166733333333333889e+01
6.245533333333333559e+01
6.344933333333333536e+01
6.449000000000000909e+01
6.563533333333333530e+01
6.687599999999999056e+01
6.820000000000000284e+01
6.960600000000000875e+01
7.106400000000000716e+01
7.252733333333331700e+01
7.390266666666666140e+01
7.514733333333332155e+01
7.633933333333334303e+01
7.754199999999998738e+01
7.850799999999999557e+01
7.920142857142856485e+01
7.969799999999999329e+01
7.987333333333334906e+01
7.989999999999999147e+01
7.959533333333334326e+01
7.896999999999999886e+01
7.819666666666667254e+01
7.768933333333333735e+01
7.718357142857144026e+01
7.662333333333336327e+01
7.601666666666666572e+01
7.545533333333334269e+01
7.498066666666666436e+01
7.433866666666666845e+01
7.351600000000000534e+01
7.230866666666666731e+01
7.071066666666668254e+01
6.922399999999998954e+01
6.793933333333333735e+01
6.681999999999999318e+01
6.582600000000000762e+01
6.506199999999999761e+01
6.436800000000000921e+01
6.380399999999999494e+01
6.318599999999999994e+01
6.262200000000000699e+01
6.217666666666666231e+01
6.179733333333333434e+01
6.150666666666666771e+01
6.127199999999999847e+01
6.104866666666666930e+01
6.090400000000000347e+01
6.075000000000000000e+01
6.062533333333333729e+01
6.055400000000000205e+01
6.042999999999998550e+01
6.036666666666667425e+01
6.026466666666667749e+01
6.017933333333333223e+01
6.018666666666668164e+01
6.031133333333334434e+01
6.046799999999999642e+01
6.061533333333331797e+01
6.071800000000000352e+01
6.076066666666666549e+01
6.075733333333332808e+01
6.071133333333335003e+01
6.063000000000000966e+01
6.055599999999999739e+01
6.045599999999999596e+01
6.036400000000001143e+01
6.031199999999999051e+01
6.030999999999998806e+01
6.028933333333332456e+01
6.021400000000001995e+01
6.015866666666666163e+01
6.007733333333332837e+01
5.999600000000000222e+01
5.994133333333333979e+01
5.986400000000000432e+01
5.987199999999998568e+01
5.982000000000000028e+01
5.966666666666666430e+01
5.949933333333333962e+01
5.933666666666666600e+01
5.915266666666666140e+01
5.905799999999998562e+01
5.893666666666665321e+01
5.892133333333332246e+01
5.909999999999999432e+01
5.929866666666666930e+01
5.949466666666665304e+01
5.955933333333334190e+01
5.965533333333334554e+01
5.956733333333331615e+01
5.951399999999999579e+01
5.942066666666665498e+01
5.939199999999998880e+01
5.943133333333333468e+01
5.949733333333333718e+01
5.969466666666667010e+01
6.000785714285715500e+01
6.026666666666667282e+01
6.048533333333332962e+01
6.069133333333333269e+01
6.082200000000000273e+01
6.096133333333333582e+01
6.123866666666665282e+01
6.133066666666667999e+01
6.138714285714284813e+01
6.143600000000000705e+01
6.149733333333333007e+01
6.157333333333333769e+01
6.179333333333332945e+01
6.200000000000000000e+01
6.199599999999999511e+01
6.198866666666667413e+01
6.191666666666666430e+01
6.186666666666666714e+01
6.186599999999999966e+01
6.186000000000001364e+01
6.186066666666667402e+01
6.182933333333333792e+01
6.181733333333333036e+01
6.183866666666666845e+01
6.183933333333334303e+01
6.181533333333333502e+01
6.175333333333333741e+01
6.168866666666665566e+01
6.161200000000001609e+01
6.157133333333334946e+01
6.164333333333331666e+01
6.166333333333331979e+01
6.156533333333332081e+01
6.148199999999999221e+01
6.135400000000000631e+01
6.125666666666666771e+01
6.123533333333332962e+01
6.116933333333332001e+01
6.112599999999999767e+01
6.106399999999998585e+01
6.097933333333333650e+01
6.088600000000000279e+01
6.084200000000000585e+01
6.074533333333333474e+01
6.068333333333331581e+01
6.066066666666665697e+01
6.063599999999999568e+01
6.064133333333332843e+01
6.063599999999998857e+01
6.063933333333332598e+01
6.065733333333332666e+01
6.069399999999999551e+01
6.069333333333334224e+01
6.070066666666667032e+01
6.071800000000001063e+01
6.074599999999999511e+01
6.074533333333333474e+01
6.076133333333332587e+01
6.078799999999998960e+01
6.083000000000001251e+01
6.087533333333332308e+01
6.092799999999999017e+01
6.097333333333334338e+01
6.100599999999999312e+01
6.105666666666666487e+01
6.113066666666665583e+01
6.118800000000000239e+01
6.123000000000000398e+01
6.130066666666667174e+01
6.136933333333333707e+01
6.142266666666666453e+01
6.139200000000000301e+01
6.122733333333334116e+01
6.107133333333332104e+01
6.104266666666664776e+01
6.117800000000000438e+01
6.141466666666665475e+01
6.134000000000000341e+01
6.119733333333332581e+01
6.110266666666666424e+01
6.100533333333332564e+01
6.094999999999998153e+01
6.089133333333333553e+01
6.081733333333332325e+01
6.073466666666667635e+01
6.065200000000001523e+01
6.050600000000000733e+01
6.035733333333332951e+01
6.020933333333334048e+01
6.013066666666667004e+01
6.018466666666666498e+01
6.033333333333334281e+01
6.031466666666666754e+01
6.027333333333334053e+01
6.023333333333334849e+01
6.020400000000000063e+01
6.015266666666666140e+01
6.002666666666667084e+01
5.993733333333333491e+01
5.987400000000000944e+01
5.986933333333332286e+01
5.990200000000000813e+01
6.004800000000001603e+01
6.014933333333333110e+01
6.023466666666666214e+01
6.033533333333334525e+01
6.038599999999999568e+01
6.038533333333332820e+01
6.040599999999999170e+01
6.061333333333333684e+01
6.099466666666666725e+01
6.180799999999999983e+01
6.303999999999999915e+01
6.556357142857142151e+01
6.743999999999999773e+01
6.935933333333333906e+01
7.121000000000000796e+01
7.307933333333333792e+01
7.486266666666668357e+01
7.627142857142857224e+01
7.697266666666665458e+01
7.732466666666665844e+01
7.762533333333334440e+01
7.791799999999999216e+01
7.830266666666668129e+01
7.842999999999999261e+01
7.841333333333334110e+01
7.832799999999998875e+01
7.797666666666665947e+01
7.690199999999998681e+01
7.540866666666669005e+01
7.379133333333332700e+01
7.203599999999998715e+01
7.019800000000000750e+01
6.862133333333332530e+01
6.726733333333332610e+01
6.610857142857143742e+01
6.514733333333333576e+01
6.435266666666666424e+01
6.366599999999998971e+01
6.314428571428571502e+01
6.269866666666666788e+01
6.230799999999999983e+01
6.192066666666666208e+01
6.157933333333333792e+01
6.130399999999999494e+01
6.108333333333333570e+01
6.087533333333332308e+01
6.068999999999999062e+01
6.055933333333332769e+01
6.041333333333332689e+01
6.024866666666667214e+01
6.012066666666667913e+01
5.990066666666666606e+01
5.973599999999999710e+01
5.958799999999999386e+01
5.940933333333332911e+01
5.925066666666668169e+01
5.917733333333332268e+01
5.908199999999998653e+01
5.894142857142855974e+01
5.885799999999999699e+01
5.871133333333331450e+01
5.863599999999999568e+01
5.846266666666666367e+01
5.829666666666665975e+01
5.815599999999999881e+01
5.804133333333333411e+01
5.790533333333333132e+01
5.773333333333334139e+01
5.758533333333333104e+01
5.750933333333333053e+01
5.743199999999999505e+01
5.732266666666666310e+01
5.725399999999999778e+01
5.710533333333333417e+01
5.706133333333331592e+01
5.701866666666667527e+01
5.698999999999999488e+01
5.697533333333333161e+01
5.693066666666666009e+01
5.689666666666666117e+01
5.685999999999999943e+01
5.682733333333332837e+01
5.676733333333333320e+01
5.670933333333334048e+01
5.663599999999999568e+01
5.664199999999998880e+01
5.670066666666666322e+01
5.696666666666666146e+01
5.744533333333333758e+01
5.809799999999999898e+01
5.890999999999998948e+01
5.985000000000000853e+01
6.086866666666666248e+01
6.195733333333334514e+01
6.296866666666667811e+01
6.388199999999999790e+01
6.490266666666666140e+01
6.606799999999999784e+01
6.740866666666666163e+01
6.877066666666668482e+01
7.010933333333333906e+01
7.143399999999998329e+01
7.273066666666665014e+01
7.397800000000000864e+01
7.501866666666666106e+01
7.576533333333334497e+01
7.622285714285713709e+01
7.686400000000000432e+01
7.756466666666665333e+01
7.821466666666667322e+01
7.880466666666666242e+01
7.933199999999997942e+01
7.979799999999998761e+01
7.994733333333333292e+01
8.004866666666664798e+01
8.011600000000001387e+01
8.012799999999997169e+01
8.003466666666668061e+01
7.980200000000000671e+01
7.938533333333334951e+01
7.887466666666665560e+01
7.838800000000000523e+01
7.767399999999999238e+01
7.607533333333334724e+01
7.373333333333333428e+01
7.149692307692308191e+01
6.961071428571428044e+01
6.789933333333333110e+01
6.651666666666667993e+01
6.537266666666666026e+01
6.446533333333333360e+01
6.369200000000000017e+01
6.305266666666667419e+01
6.257066666666666066e+01
6.211133333333332729e+01
6.176066666666667260e+01
6.148999999999999488e+01
6.117799999999999727e+01
6.095666666666666345e+01
6.071600000000000819e+01
6.046933333333332428e+01
6.026200000000000756e+01
6.004266666666665486e+01
5.987999999999998835e+01
5.966000000000000369e+01
5.946933333333332428e+01
5.929399999999999693e+01
5.917533333333332735e+01
5.908733333333332638e+01
5.894571428571428839e+01
5.878533333333332678e+01
5.869066666666665810e+01
5.859642857142857508e+01
5.858266666666667533e+01
5.855266666666666708e+01
5.836333333333334394e+01
5.813999999999999346e+01
5.797866666666666902e+01
5.793400000000001171e+01
5.786466666666667180e+01
5.784599999999998943e+01
5.781600000000000250e+01
5.777333333333333343e+01
5.763066666666667004e+01
5.767733333333333690e+01
5.766733333333333178e+01
5.755466666666665532e+01
5.740999999999998948e+01
5.746399999999999153e+01
5.737266666666666026e+01
5.730533333333333701e+01
5.749999999999999289e+01
5.751733333333333320e+01
5.746800000000000352e+01
5.737266666666666737e+01
5.722533333333333871e+01
5.681533333333332791e+01
5.664866666666667072e+01
5.682928571428571729e+01
5.688666666666667027e+01
5.687266666666666026e+01
5.687399999999999523e+01
5.696799999999999642e+01
5.717066666666666208e+01
5.765399999999999636e+01
5.822266666666667589e+01
5.881133333333333724e+01
5.950066666666666038e+01
6.037733333333333974e+01
6.152133333333334519e+01
6.268599999999999994e+01
6.376800000000000068e+01
6.481400000000000716e+01
6.617928571428571161e+01
6.765666666666666629e+01
6.906533333333335634e+01
7.063666666666668448e+01
7.221071428571430317e+01
7.378266666666667106e+01
7.521733333333332894e+01
7.667399999999999238e+01
7.784999999999999432e+01
7.855266666666666708e+01
7.904599999999999227e+01
7.939333333333335929e+01
7.929533333333331768e+01
7.905999999999998806e+01
7.838466666666667493e+01
7.764666666666668959e+01
7.717200000000001125e+01
7.703733333333335054e+01
7.697666666666667368e+01
7.707133333333334235e+01
7.688200000000001921e+01
7.621133333333334292e+01
7.497933333333334360e+01
7.362399999999999523e+01
7.227466666666667550e+01
7.098199999999999932e+01
6.975266666666666993e+01
6.861666666666666003e+01
6.752733333333331700e+01
6.644933333333332826e+01
6.548714285714285666e+01
6.477307692307691411e+01
6.404307692307692434e+01
6.357200000000000983e+01
6.314666666666666828e+01
6.286133333333334150e+01
6.266133333333332445e+01
6.240266666666666140e+01
6.223466666666667635e+01
6.194066666666665810e+01
6.169799999999999329e+01
6.150250000000000483e+01
6.142999999999999261e+01
6.128666666666666174e+01
6.114866666666667072e+01
6.099333333333332519e+01
6.080266666666666708e+01
6.077133333333334519e+01
6.069266666666667476e+01
6.074800000000000466e+01
6.074200000000000443e+01
6.074333333333333229e+01
6.079133333333331990e+01
6.079999999999999005e+01
6.085733333333333661e+01
6.085666666666667624e+01
6.080333333333332746e+01
6.075666666666666771e+01
6.066266666666667362e+01
6.047933333333332939e+01
6.030933333333335611e+01
6.011933333333333707e+01
6.015199999999999392e+01
6.014799999999999613e+01
6.011071428571430175e+01
6.005600000000000449e+01
5.998066666666668567e+01
5.995600000000001017e+01
5.995533333333332848e+01
5.988466666666666782e+01
5.981599999999999540e+01
5.981800000000001205e+01
5.976466666666666328e+01
5.981666666666667709e+01
5.978333333333331723e+01
5.980066666666665753e+01
5.971733333333331473e+01
5.957466666666667265e+01
5.958266666666668243e+01
5.955933333333333479e+01
5.959333333333334792e+01
5.951400000000000290e+01
5.937466666666666271e+01
5.924933333333331831e+01
5.908466666666665645e+01
5.911800000000000921e+01
5.914399999999998414e+01
5.918599999999999284e+01
5.919933333333332826e+01
5.908533333333333815e+01
5.900066666666667459e+01
5.892799999999999727e+01
5.884533333333333616e+01
5.883066666666666578e+01
5.883533333333333104e+01
5.908399999999999608e+01
5.929066666666668084e+01
5.938999999999999346e+01
5.955866666666666731e+01
5.971933333333333138e+01
5.991266666666667362e+01
6.017133333333334377e+01
6.054199999999999449e+01
6.088199999999999790e+01
6.108600000000000563e+01
6.135666666666666202e+01
6.171533333333334070e+01
6.236333333333333684e+01
6.335999999999999943e+01
6.450800000000000978e+01
6.579933333333333678e+01
6.726200000000000045e+01
6.804533333333333189e+01
6.818133333333334178e+01
6.786266666666665515e+01
6.729416666666668334e+01
6.668333333333335133e+01
6.640428571428572013e+01
6.639000000000000057e+01
6.677133333333333098e+01
6.713866666666666561e+01
6.707533333333334724e+01
6.641533333333333644e+01
6.549199999999999022e+01
6.454800000000000182e+01
6.369066666666667231e+01
6.291533333333333644e+01
6.227666666666667084e+01
6.172999999999999687e+01
6.127933333333333366e+01
6.088066666666666293e+01
6.053266666666667817e+01
6.019999999999999574e+01
5.991333333333333400e+01
5.966200000000000614e+01
5.940333333333332888e+01
5.912066666666667913e+01
5.876599999999999824e+01
5.847999999999999687e+01
5.820733333333335224e+01
5.797133333333334093e+01
5.775000000000000711e+01
5.757266666666666310e+01
5.744533333333331626e+01
5.732933333333332371e+01
5.719571428571428129e+01
5.706333333333332547e+01
5.695599999999999596e+01
5.680533333333333701e+01
5.668799999999998818e+01
5.660466666666666669e+01
5.647866666666666191e+01
5.638599999999999568e+01
5.629533333333333900e+01
5.619733333333331871e+01
5.609600000000000364e+01
5.597266666666666168e+01
5.589133333333334264e+01
5.575928571428572411e+01
5.561799999999998789e+01
5.547066666666666634e+01
5.531666666666666998e+01
5.517666666666666231e+01
5.507733333333332126e+01
5.494066666666665810e+01
5.481933333333332570e+01
5.471199999999998909e+01
5.457266666666666310e+01
5.443933333333333735e+01
5.431199999999999051e+01
5.419133333333333269e+01
5.407800000000000296e+01
5.409933333333333394e+01
5.420066666666667032e+01
5.436866666666666958e+01
5.449133333333332274e+01
5.464533333333331910e+01
5.477066666666666350e+01
5.480600000000001160e+01
5.491333333333333400e+01
5.511733333333332752e+01
5.510999999999999943e+01
5.534666666666667112e+01
5.558666666666666600e+01
5.578000000000000114e+01
5.592000000000000171e+01
5.610000000000000142e+01
5.621000000000000085e+01
5.661999999999999744e+01
5.672999999999999687e+01
5.672999999999999687e+01
5.670000000000000284e+01
5.665999999999999659e+01
5.652000000000000313e+01
5.647999999999999687e+01
5.653000000000000114e+01
5.667999999999999972e+01
5.684000000000000341e+01
5.678999999999999915e+01
5.657000000000000028e+01
5.653000000000000114e+01
5.660999999999999943e+01
5.670000000000000284e+01
5.678999999999999915e+01
5.657000000000000028e+01
5.664000000000000057e+01
5.679999999999999716e+01
5.689000000000000057e+01
5.700000000000000000e+01
5.692999999999999972e+01
5.696999999999999886e+01
5.696999999999999886e+01
5.707000000000000028e+01
5.706000000000000227e+01
5.700000000000000000e+01
5.688000000000000256e+01
5.665999999999999659e+01
5.652000000000000313e+01
5.646000000000000085e+01
5.661999999999999744e+01
5.639000000000000057e+01
5.660999999999999943e+01
5.657000000000000028e+01
5.671000000000000085e+01
5.703999999999999915e+01
5.738000000000000256e+01
5.760000000000000142e+01
5.781000000000000227e+01
5.799000000000000199e+01
5.817000000000000171e+01
5.839000000000000057e+01
5.857000000000000028e+01
5.878000000000000114e+01
5.892999999999999972e+01
5.907000000000000028e+01
5.925000000000000000e+01
5.950000000000000000e+01
5.974000000000000199e+01
6.006000000000000227e+01
6.025999999999999801e+01
6.047999999999999687e+01
6.064000000000000057e+01
6.078000000000000114e+01
6.103000000000000114e+01
6.127000000000000313e+01
6.146999999999999886e+01
6.174000000000000199e+01
6.185999999999999943e+01
6.207999999999999829e+01
6.221999999999999886e+01
6.243999999999999773e+01
6.271000000000000085e+01
6.282000000000000028e+01
6.296000000000000085e+01
6.310000000000000142e+01
6.325000000000000000e+01
6.346000000000000085e+01
6.360999999999999943e+01
6.365999999999999659e+01
6.378999999999999915e+01
6.389999999999999858e+01
6.417000000000000171e+01
6.435999999999999943e+01
6.448999999999999488e+01
6.468999999999999773e+01
6.492000000000000171e+01
6.509999999999999432e+01
6.531999999999999318e+01
6.545999999999999375e+01
6.609000000000000341e+01
6.576999999999999602e+01
6.503000000000000114e+01
6.471999999999999886e+01
6.442000000000000171e+01
6.426000000000000512e+01
6.392999999999999972e+01
6.357000000000000028e+01
6.322999999999999687e+01
6.304999999999999716e+01
6.310000000000000142e+01
6.289000000000000057e+01
6.279999999999999716e+01
6.278000000000000114e+01
6.261999999999999744e+01
6.274000000000000199e+01
6.300999999999999801e+01
6.401999999999999602e+01
6.576999999999999602e+01
6.759999999999999432e+01
6.934999999999999432e+01
7.107999999999999829e+01
7.293000000000000682e+01
7.459000000000000341e+01
7.615000000000000568e+01
7.685999999999999943e+01
7.757999999999999829e+01
7.768000000000000682e+01
7.668000000000000682e+01
7.556000000000000227e+01
7.404999999999999716e+01
7.245999999999999375e+01
7.106000000000000227e+01
6.973000000000000398e+01
6.865000000000000568e+01
6.756999999999999318e+01
6.665000000000000568e+01
6.585999999999999943e+01
6.525000000000000000e+01
6.465000000000000568e+01
6.420000000000000284e+01
6.370000000000000284e+01
6.318999999999999773e+01
6.268999999999999773e+01
6.235000000000000142e+01
6.206000000000000227e+01
6.192000000000000171e+01
6.145000000000000284e+01
6.117999999999999972e+01
6.075000000000000000e+01
6.050999999999999801e+01
6.025999999999999801e+01
6.003000000000000114e+01
5.982999999999999829e+01
5.940999999999999659e+01
5.913000000000000256e+01
5.896000000000000085e+01
5.885999999999999943e+01
5.882000000000000028e+01
5.886999999999999744e+01
5.890999999999999659e+01
5.890999999999999659e+01
5.896000000000000085e+01
5.900000000000000000e+01
5.903999999999999915e+01
5.900000000000000000e+01
5.886999999999999744e+01
5.871000000000000085e+01
5.854999999999999716e+01
5.828000000000000114e+01
5.811999999999999744e+01
5.796999999999999886e+01
5.771999999999999886e+01
5.756000000000000227e+01
5.735999999999999943e+01
5.721999999999999886e+01
5.707000000000000028e+01
5.696999999999999886e+01
5.685999999999999943e+01
5.677000000000000313e+01
5.664000000000000057e+01
5.653000000000000114e+01
5.646000000000000085e+01
5.635000000000000142e+01
5.635000000000000142e+01
5.640999999999999659e+01
5.634000000000000341e+01
5.635000000000000142e+01
5.634000000000000341e+01
5.639000000000000057e+01
5.642999999999999972e+01
5.640999999999999659e+01
5.640999999999999659e+01
5.650000000000000000e+01
5.636999999999999744e+01
5.640999999999999659e+01
5.659000000000000341e+01
5.667999999999999972e+01
5.672999999999999687e+01
5.679999999999999716e+01
5.685999999999999943e+01
5.695000000000000284e+01
5.692999999999999972e+01
5.700000000000000000e+01
5.725000000000000000e+01
5.770000000000000284e+01
5.836999999999999744e+01
5.913000000000000256e+01
5.981000000000000227e+01
6.075999999999999801e+01
6.195000000000000284e+01
6.335999999999999943e+01
6.487000000000000455e+01
6.642000000000000171e+01
6.798000000000000398e+01
6.951000000000000512e+01
7.107999999999999829e+01
7.262999999999999545e+01
7.404999999999999716e+01
7.540000000000000568e+01
7.659999999999999432e+01
7.757999999999999829e+01
7.848000000000000398e+01
7.931999999999999318e+01
7.987999999999999545e+01
8.017000000000000171e+01
8.032999999999999829e+01
8.056000000000000227e+01
8.098000000000000398e+01
8.135999999999999943e+01
8.145000000000000284e+01
8.129999999999999716e+01
8.128000000000000114e+01
8.093999999999999773e+01
8.056000000000000227e+01
7.995000000000000284e+01
7.931999999999999318e+01
7.887000000000000455e+01
7.834999999999999432e+01
7.740000000000000568e+01
7.593999999999999773e+01
7.434000000000000341e+01
7.234000000000000341e+01
7.031999999999999318e+01
6.865000000000000568e+01
6.732999999999999829e+01
6.623999999999999488e+01
6.526000000000000512e+01
6.445000000000000284e+01
6.381000000000000227e+01
6.332000000000000028e+01
6.285000000000000142e+01
6.253000000000000114e+01
6.232999999999999829e+01
6.210000000000000142e+01
6.192999999999999972e+01
6.185999999999999943e+01
6.177000000000000313e+01
6.170000000000000284e+01
6.167999999999999972e+01
6.157000000000000028e+01
6.153999999999999915e+01
6.156000000000000227e+01
6.152000000000000313e+01
6.142999999999999972e+01
6.128999999999999915e+01
6.120000000000000284e+01
6.117999999999999972e+01
6.115999999999999659e+01
6.111999999999999744e+01
6.115999999999999659e+01
6.102000000000000313e+01
6.102000000000000313e+01
6.096000000000000085e+01
6.096000000000000085e+01
6.093999999999999773e+01
6.089000000000000057e+01
6.090999999999999659e+01
6.097999999999999687e+01
6.097999999999999687e+01
6.097999999999999687e+01
6.114000000000000057e+01
6.127000000000000313e+01
6.152000000000000313e+01
6.170000000000000284e+01
6.182999999999999829e+01
6.192000000000000171e+01
6.156000000000000227e+01
6.089000000000000057e+01
6.050999999999999801e+01
6.064000000000000057e+01
6.090999999999999659e+01
6.089000000000000057e+01
6.086999999999999744e+01
6.084000000000000341e+01
6.085000000000000142e+01
6.086999999999999744e+01
6.079999999999999716e+01
6.084000000000000341e+01
6.090999999999999659e+01
6.103000000000000114e+01
6.139000000000000057e+01
6.153999999999999915e+01
6.153999999999999915e+01
6.152000000000000313e+01
6.150000000000000000e+01
6.152000000000000313e+01
6.159000000000000341e+01
6.192999999999999972e+01
6.217000000000000171e+01
6.235000000000000142e+01
6.256000000000000227e+01
6.275999999999999801e+01
6.296000000000000085e+01
6.303000000000000114e+01
6.300999999999999801e+01
6.311999999999999744e+01
6.314000000000000057e+01
6.322999999999999687e+01
6.328000000000000114e+01
6.325000000000000000e+01
6.334000000000000341e+01
6.336999999999999744e+01
6.345000000000000284e+01
6.352000000000000313e+01
6.353999999999999915e+01
6.359000000000000341e+01
6.370000000000000284e+01
6.375000000000000000e+01
6.378999999999999915e+01
6.389999999999999858e+01
6.395000000000000284e+01
6.423999999999999488e+01
6.507999999999999829e+01
6.568000000000000682e+01
6.590999999999999659e+01
6.575000000000000000e+01
6.534999999999999432e+01
6.495999999999999375e+01
6.468999999999999773e+01
6.432999999999999829e+01
6.410999999999999943e+01
6.382000000000000028e+01
6.359000000000000341e+01
6.342999999999999972e+01
6.314000000000000057e+01
6.300000000000000000e+01
6.278000000000000114e+01
6.264000000000000057e+01
6.246000000000000085e+01
6.228000000000000114e+01
6.213000000000000256e+01
6.196999999999999886e+01
6.184000000000000341e+01
6.178999999999999915e+01
6.181000000000000227e+01
6.181000000000000227e+01
6.181000000000000227e+01
6.182999999999999829e+01
6.181000000000000227e+01
6.185999999999999943e+01
6.189999999999999858e+01
6.184000000000000341e+01
6.182999999999999829e+01
6.174000000000000199e+01
6.164999999999999858e+01
6.157000000000000028e+01
6.146999999999999886e+01
6.140999999999999659e+01
6.127000000000000313e+01
6.120000000000000284e+01
6.107000000000000028e+01
6.093999999999999773e+01
6.075999999999999801e+01
6.064000000000000057e+01
6.050999999999999801e+01
6.043999999999999773e+01
6.031000000000000227e+01
6.014999999999999858e+01
5.996999999999999886e+01
5.988000000000000256e+01
5.967000000000000171e+01
5.945000000000000284e+01
5.932000000000000028e+01
5.917999999999999972e+01
5.909000000000000341e+01
5.892999999999999972e+01
5.902000000000000313e+01
5.900000000000000000e+01
5.896000000000000085e+01
5.889000000000000057e+01
5.882000000000000028e+01
5.871000000000000085e+01
5.861999999999999744e+01
5.853000000000000114e+01
5.847999999999999687e+01
5.850000000000000000e+01
5.885999999999999943e+01
5.953999999999999915e+01
6.047999999999999687e+01
6.150000000000000000e+01
6.260000000000000142e+01
6.385999999999999943e+01
6.495999999999999375e+01
6.629000000000000625e+01
6.775000000000000000e+01
6.895000000000000284e+01
7.056999999999999318e+01
7.225000000000000000e+01
7.351000000000000512e+01
7.500000000000000000e+01
7.639000000000000057e+01
7.773999999999999488e+01
7.900000000000000000e+01
8.006000000000000227e+01
8.087000000000000455e+01
8.170000000000000284e+01
8.242000000000000171e+01
8.315999999999999659e+01
8.376999999999999602e+01
8.409000000000000341e+01
8.435999999999999943e+01
8.437999999999999545e+01
8.437999999999999545e+01
8.420000000000000284e+01
8.425000000000000000e+01
8.425000000000000000e+01
8.401999999999999602e+01
8.381999999999999318e+01
8.351999999999999602e+01
8.298999999999999488e+01
8.204000000000000625e+01
8.048999999999999488e+01
7.893999999999999773e+01
7.754000000000000625e+01
7.587000000000000455e+01
7.395999999999999375e+01
7.209999999999999432e+01
7.043000000000000682e+01
6.890000000000000568e+01
6.759000000000000341e+01
6.651999999999999602e+01
6.553000000000000114e+01
6.468999999999999773e+01
6.399000000000000199e+01
6.339000000000000057e+01
6.285000000000000142e+01
6.238000000000000256e+01
6.199000000000000199e+01
6.159000000000000341e+01
6.125000000000000000e+01
6.090999999999999659e+01
6.065999999999999659e+01
6.043999999999999773e+01
6.018999999999999773e+01
5.999000000000000199e+01
5.985000000000000142e+01
5.974000000000000199e+01
5.960999999999999943e+01
5.945000000000000284e+01
5.928999999999999915e+01
5.914000000000000057e+01
5.902000000000000313e+01
5.892999999999999972e+01
5.884000000000000341e+01
5.872999999999999687e+01
5.860000000000000142e+01
5.850999999999999801e+01
5.846000000000000085e+01
5.829999999999999716e+01
5.822999999999999687e+01
5.807999999999999829e+01
5.800999999999999801e+01
5.789999999999999858e+01
5.778000000000000114e+01
5.771999999999999886e+01
5.757999999999999829e+01
5.742999999999999972e+01
5.717999999999999972e+01
5.707000000000000028e+01
5.702000000000000313e+01
5.695000000000000284e+01
5.692999999999999972e+01
5.688000000000000256e+01
5.688000000000000256e+01
5.679999999999999716e+01
5.679999999999999716e+01
5.670000000000000284e+01
5.665999999999999659e+01
5.661999999999999744e+01
5.665999999999999659e+01
5.688000000000000256e+01
5.727000000000000313e+01
5.778999999999999915e+01
5.850999999999999801e+01
5.928999999999999915e+01
6.014999999999999858e+01
6.127000000000000313e+01
6.243999999999999773e+01
6.359000000000000341e+01
6.482999999999999829e+01
6.606999999999999318e+01
6.740999999999999659e+01
6.887999999999999545e+01
7.023000000000000398e+01
7.165000000000000568e+01
7.310999999999999943e+01
7.456999999999999318e+01
7.603000000000000114e+01
7.737999999999999545e+01
7.859999999999999432e+01
7.975000000000000000e+01
8.079999999999999716e+01
8.176999999999999602e+01
8.262999999999999545e+01
8.362000000000000455e+01
8.354999999999999716e+01
8.315999999999999659e+01
8.309999999999999432e+01
8.293999999999999773e+01
8.276000000000000512e+01
8.201999999999999602e+01
8.148000000000000398e+01
8.087000000000000455e+01
8.007999999999999829e+01
7.959000000000000341e+01
7.915999999999999659e+01
7.842000000000000171e+01
7.712999999999999545e+01
7.595999999999999375e+01
7.443999999999999773e+01
7.265999999999999659e+01
7.085999999999999943e+01
6.909999999999999432e+01
6.745999999999999375e+01
6.610999999999999943e+01
6.507999999999999829e+01
6.423999999999999488e+01
6.359000000000000341e+01
6.309000000000000341e+01
6.268999999999999773e+01
6.232999999999999829e+01
6.195000000000000284e+01
6.157000000000000028e+01
6.127000000000000313e+01
6.100000000000000000e+01
6.089000000000000057e+01
6.075999999999999801e+01
6.072999999999999687e+01
6.065999999999999659e+01
6.071000000000000085e+01
6.061999999999999744e+01
6.050999999999999801e+01
6.043999999999999773e+01
6.031000000000000227e+01
6.018999999999999773e+01
6.010000000000000142e+01
6.011999999999999744e+01
6.010000000000000142e+01
6.003999999999999915e+01
6.007999999999999829e+01
6.003999999999999915e+01
6.003000000000000114e+01
5.993999999999999773e+01
5.995000000000000284e+01
5.989999999999999858e+01
5.989999999999999858e+01
5.978999999999999915e+01
5.970000000000000284e+01
5.957999999999999829e+01
5.963000000000000256e+01
5.959000000000000341e+01
5.945000000000000284e+01
5.925000000000000000e+01
5.907000000000000028e+01
5.890999999999999659e+01
5.879999999999999716e+01
5.860000000000000142e+01
5.860000000000000142e+01
5.878000000000000114e+01
5.884000000000000341e+01
5.890999999999999659e+01
5.896000000000000085e+01
5.902000000000000313e+01
5.897999999999999687e+01
5.885999999999999943e+01
5.889000000000000057e+01
5.892999999999999972e+01
5.904999999999999716e+01
5.914000000000000057e+01
5.920000000000000284e+01
5.931000000000000227e+01
5.938000000000000256e+01
5.928999999999999915e+01
5.920000000000000284e+01
5.907000000000000028e+01
5.907000000000000028e+01
5.910999999999999943e+01
5.917999999999999972e+01
5.922999999999999687e+01
5.939999999999999858e+01
5.964999999999999858e+01
5.985999999999999943e+01
6.018999999999999773e+01
6.042000000000000171e+01
6.060000000000000142e+01
6.072999999999999687e+01
6.086999999999999744e+01
6.107000000000000028e+01
6.104999999999999716e+01
6.111999999999999744e+01
6.120000000000000284e+01
6.128999999999999915e+01
6.132000000000000028e+01
6.128999999999999915e+01
6.120000000000000284e+01
6.127000000000000313e+01
6.146999999999999886e+01
6.163000000000000256e+01
6.181000000000000227e+01
6.213000000000000256e+01
6.210999999999999943e+01
6.275999999999999801e+01
6.314000000000000057e+01
6.310000000000000142e+01
6.336999999999999744e+01
6.346000000000000085e+01
5.721999999999999886e+01
5.707000000000000028e+01
5.702000000000000313e+01
5.689000000000000057e+01
5.665999999999999659e+01
5.640999999999999659e+01
5.629999999999999716e+01
5.614000000000000057e+01
5.592000000000000171e+01
5.578000000000000114e+01
5.557999999999999829e+01
5.553000000000000114e+01
5.538000000000000256e+01
5.525999999999999801e+01
5.510999999999999943e+01
5.502000000000000313e+01
5.489999999999999858e+01
5.484000000000000341e+01
5.475000000000000000e+01
5.475000000000000000e+01
5.464000000000000057e+01
5.447999999999999687e+01
5.432000000000000028e+01
5.422999999999999687e+01
5.409000000000000341e+01
5.409000000000000341e+01
5.404999999999999716e+01
5.400999999999999801e+01
5.393999999999999773e+01
5.379999999999999716e+01
5.374000000000000199e+01
5.386999999999999744e+01
5.407000000000000028e+01
5.439000000000000057e+01
5.467999999999999972e+01
5.490999999999999659e+01
5.517000000000000171e+01
5.517000000000000171e+01
5.545000000000000284e+01
5.568999999999999773e+01
5.599000000000000199e+01
5.611999999999999744e+01
5.652000000000000313e+01
5.707000000000000028e+01
5.757999999999999829e+01
5.822999999999999687e+01
5.900000000000000000e+01
6.007999999999999829e+01
6.135999999999999943e+01
6.278000000000000114e+01
6.429000000000000625e+01
6.579999999999999716e+01
6.739000000000000057e+01
6.893999999999999773e+01
7.045000000000000284e+01
7.187000000000000455e+01
7.326999999999999602e+01
7.462000000000000455e+01
7.567000000000000171e+01
7.659000000000000341e+01
7.751999999999999602e+01
7.832999999999999829e+01
7.903000000000000114e+01
7.956000000000000227e+01
7.985999999999999943e+01
8.015000000000000568e+01
8.031000000000000227e+01
8.012999999999999545e+01
7.992000000000000171e+01
7.987999999999999545e+01
7.960999999999999943e+01
7.937999999999999545e+01
7.893999999999999773e+01
7.837000000000000455e+01
7.779000000000000625e+01
7.698000000000000398e+01
7.568999999999999773e+01
7.429999999999999716e+01
7.315000000000000568e+01
7.193999999999999773e+01
7.001999999999999602e+01
6.810999999999999943e+01
6.634000000000000341e+01
6.482999999999999829e+01
6.353999999999999915e+01
6.246999999999999886e+01
6.163000000000000256e+01
6.086999999999999744e+01
6.017000000000000171e+01
5.963000000000000256e+01
5.907000000000000028e+01
5.879999999999999716e+01
5.847999999999999687e+01
5.821000000000000085e+01
5.806000000000000227e+01
5.785000000000000142e+01
5.763000000000000256e+01
5.750999999999999801e+01
5.731000000000000227e+01
5.713000000000000256e+01
5.702000000000000313e+01
5.688000000000000256e+01
5.675000000000000000e+01
5.664000000000000057e+01
5.643999999999999773e+01
5.646000000000000085e+01
5.642999999999999972e+01
5.632000000000000028e+01
5.625999999999999801e+01
5.617000000000000171e+01
5.607999999999999829e+01
5.600999999999999801e+01
5.597999999999999687e+01
5.589000000000000057e+01
5.581000000000000227e+01
5.571999999999999886e+01
5.563000000000000256e+01
5.556000000000000227e+01
5.535999999999999943e+01
5.531000000000000227e+01
5.525999999999999801e+01
5.517999999999999972e+01
5.517999999999999972e+01
5.525999999999999801e+01
5.525999999999999801e+01
5.514999999999999858e+01
5.506000000000000227e+01
5.527000000000000313e+01
5.563000000000000256e+01
5.578000000000000114e+01
5.593999999999999773e+01
5.617000000000000171e+01
5.634000000000000341e+01
5.665999999999999659e+01
5.665999999999999659e+01
5.677000000000000313e+01
5.692999999999999972e+01
5.717999999999999972e+01
5.750999999999999801e+01
5.763000000000000256e+01
5.778999999999999915e+01
5.792000000000000171e+01
5.818999999999999773e+01
5.850999999999999801e+01
5.878000000000000114e+01
5.884000000000000341e+01
5.892999999999999972e+01
5.917999999999999972e+01
5.932000000000000028e+01
5.953999999999999915e+01
5.977000000000000313e+01
5.989999999999999858e+01
5.988000000000000256e+01
6.017000000000000171e+01
6.014999999999999858e+01
5.995000000000000284e+01
5.988000000000000256e+01
5.985999999999999943e+01
5.992000000000000171e+01
5.988000000000000256e+01
5.993999999999999773e+01
5.992000000000000171e+01
5.985999999999999943e+01
5.988000000000000256e+01
5.985999999999999943e+01
5.971999999999999886e+01
5.959000000000000341e+01
5.942999999999999972e+01
5.928999999999999915e+01
5.904999999999999716e+01
5.884000000000000341e+01
5.860000000000000142e+01
5.835000000000000142e+01
5.818999999999999773e+01
5.796999999999999886e+01
5.774000000000000199e+01
5.752000000000000313e+01
5.745000000000000284e+01
5.735999999999999943e+01
5.725000000000000000e+01
5.715999999999999659e+01
5.702000000000000313e+01
5.695000000000000284e+01
5.677000000000000313e+01
5.678999999999999915e+01
5.677000000000000313e+01
5.684000000000000341e+01
5.689000000000000057e+01
5.690999999999999659e+01
5.689000000000000057e+01
5.689000000000000057e+01
5.679999999999999716e+01
5.688000000000000256e+01
5.689000000000000057e+01
5.689000000000000057e+01
5.679999999999999716e+01
5.679999999999999716e+01
5.671000000000000085e+01
5.670000000000000284e+01
5.660999999999999943e+01
