-4.900000000000000355e+00
9.320000000000000284e+00
1.040000000000000036e+00
-3.280000000000000249e+00
-3.009999999999999787e+00
2.232500000000000284e+01
-4.180000000000009486e+00
-4.540000000000000036e+00
-4.900000000000000355e+00
1.625000000000000000e+00
1.183999999999999986e+01
-6.339999999999999858e+00
5.720000000000000639e+00
2.660000000000000142e+00
-5.800000000000049560e-01
-2.560000000000000053e+00
-4.360000000000000320e+00
-4.900000000000000355e+00
-5.259999999999999787e+00
-5.620000000000000107e+00
-5.799999999999999822e+00
-6.160000000000000142e+00
-6.160000000000000142e+00
-6.339999999999999858e+00
-6.519999999999999574e+00
-6.700000000000000178e+00
-6.879999999999999893e+00
-6.879999999999999893e+00
-7.059999999999999609e+00
-7.059999999999999609e+00
-7.240000000000000213e+00
-7.419999999999999929e+00
-3.459999999999999964e+00
1.778000000000000114e+01
1.327999999999999936e+01
-4.719999999999999751e+00
-5.799999999999999822e+00
-6.160000000000000142e+00
-6.700000000000000178e+00
-5.799999999999999822e+00
-6.519999999999999574e+00
-5.799999999999999822e+00
-6.339999999999999858e+00
-6.879999999999999893e+00
-7.059999999999999609e+00
8.240000000000000213e+00
1.885999999999999943e+01
1.238000000000000078e+01
3.020000000000000018e+00
-4.450000000000019496e-01
-2.680000000000000160e+00
-5.800000000000049560e-01
8.599999999999996536e-01
-1.840000000000000080e+00
-3.459999999999999964e+00
4.820000000000000284e+00
-3.999999999999989675e-01
-2.919999999999999929e+00
-4.360000000000000320e+00
1.476499999999999879e+01
1.058000000000000007e+01
1.040000000000000036e+00
-2.919999999999999929e+00
-4.900000000000000355e+00
-6.070000000000000284e+00
-6.879999999999999893e+00
-9.759999999999999787e+00
-1.011999999999999922e+01
-1.011999999999999922e+01
-1.030000000000000071e+01
-2.020000000000000018e+00
1.561999999999999922e+01
1.375999999999999979e+01
-3.640000000000000124e+00
-5.620000000000000107e+00
-6.700000000000000178e+00
-7.599999999999999645e+00
-8.140000000000000568e+00
-8.500000000000000000e+00
-8.859999999999999432e+00
-9.242499999999999716e+00
-9.580000000000008953e+00
-9.759999999999999787e+00
-1.011999999999999922e+01
-1.030000000000000071e+01
-1.048000000000000043e+01
-1.083999999999999986e+01
-1.083999999999999986e+01
-1.101999999999999957e+01
-1.119999999999999929e+01
-1.119999999999999929e+01
1.939999999999999947e+00
4.505000000000000782e+00
-8.500000000000000000e+00
-8.140000000000000568e+00
-9.220000000000000639e+00
-9.759999999999999787e+00
-1.030000000000000071e+01
-9.435999999999999943e+00
-9.580000000000008953e+00
-1.011999999999999922e+01
1.823000000000000043e+01
-5.665000000000000036e+00
-5.259999999999999787e+00
-6.339999999999999858e+00
-7.059999999999999609e+00
-7.059999999999999609e+00
-6.052000000000000490e+00
-8.500000000000000000e+00
-9.400000000000000355e+00
-9.759999999999999787e+00
-1.011999999999999922e+01
-1.048000000000000043e+01
-1.048000000000000043e+01
-9.220000000000000639e+00
-6.879999999999999893e+00
-8.859999999999999432e+00
-9.580000000000008953e+00
-9.939999999999999503e+00
-1.011999999999999922e+01
-4.000000000000000000e+00
6.620000000000000107e+00
1.832000000000000028e+01
5.000000000000000000e+00
-1.840000000000000080e+00
-4.900000000000000355e+00
-4.719999999999999751e+00
-6.519999999999999574e+00
-7.959999999999999964e+00
-8.320000000000000284e+00
-8.680000000000010374e+00
-9.039999999999999147e+00
-9.400000000000000355e+00
-8.680000000000010374e+00
-9.220000000000000639e+00
-9.400000000000000355e+00
-9.400000000000000355e+00
-9.580000000000008953e+00
-9.759999999999999787e+00
-9.939999999999999503e+00
-9.939999999999999503e+00
-1.011999999999999922e+01
-3.819999999999999840e+00
6.799999999999999822e+00
1.796000000000000085e+01
4.280000000000000249e+00
-5.080000000000009841e+00
-6.339999999999999858e+00
-7.780000000000000249e+00
-8.320000000000000284e+00
-9.039999999999999147e+00
-9.220000000000000639e+00
-9.580000000000008953e+00
-9.759999999999999787e+00
-1.011999999999999922e+01
-1.030000000000000071e+01
-1.083999999999999986e+01
-1.083999999999999986e+01
-1.083999999999999986e+01
-4.360000000000000320e+00
1.742000000000000171e+01
-3.459999999999999964e+00
-7.240000000000000213e+00
-8.140000000000000568e+00
-8.859999999999999432e+00
-1.011999999999999922e+01
-1.083999999999999986e+01
-1.101999999999999957e+01
-1.119999999999999929e+01
-1.119999999999999929e+01
-1.138000000000000078e+01
-1.156000000000000050e+01
-1.156000000000000050e+01
-1.174000000000000021e+01
-4.719999999999999751e+00
1.346000000000000085e+01
2.173999999999999844e+01
-5.800000000000049560e-01
-6.160000000000000142e+00
-7.240000000000000213e+00
-8.500000000000000000e+00
-8.859999999999999432e+00
-9.220000000000000639e+00
-9.220000000000000639e+00
-9.400000000000000355e+00
-9.580000000000008953e+00
-9.759999999999999787e+00
-9.939999999999999503e+00
-8.680000000000010374e+00
-7.780000000000000249e+00
-8.680000000000010374e+00
-8.859999999999999432e+00
-8.859999999999999432e+00
-6.160000000000000142e+00
3.020000000000000018e+00
1.364000000000000057e+01
1.669999999999999929e+01
-2.199999999999990019e-01
-2.740000000000000213e+00
-4.900000000000000355e+00
-5.799999999999999822e+00
4.639999999999999680e+00
1.561999999999999922e+01
3.200000000000000178e+00
-5.800000000000049560e-01
-2.740000000000000213e+00
-4.360000000000000320e+00
-4.900000000000000355e+00
-5.259999999999999787e+00
-5.620000000000000107e+00
-5.799999999999999822e+00
-6.088000000000000078e+00
-6.160000000000000142e+00
-6.339999999999999858e+00
-6.339999999999999858e+00
-6.519999999999999574e+00
-6.519999999999999574e+00
-6.700000000000000178e+00
-6.879999999999999893e+00
7.519999999999999574e+00
1.814000000000000057e+01
1.399999999999999911e+00
8.119999999999999218e+00
8.060000000000000497e+00
1.219999999999999973e+00
-1.840000000000000080e+00
-3.100000000000000089e+00
-4.180000000000009486e+00
3.500000000000000000e+00
9.634999999999999787e+00
2.012000000000000099e+01
5.719999999999999751e+00
3.199999999999970091e-01
-2.200000000000000178e+00
-3.640000000000000124e+00
-4.360000000000000320e+00
1.219999999999999973e+00
-2.919999999999999929e+00
6.800000000000029354e-01
-3.100000000000000089e+00
-4.360000000000000320e+00
-3.100000000000000089e+00
7.160000000000000142e+00
8.599999999999989875e-01
2.479999999999999982e+00
1.760000000000000009e+00
4.099999999999999645e+00
5.000000000000000000e-01
6.620000000000000107e+00
1.472000000000000064e+01
7.940000000000000391e+00
2.839999999999999858e+00
1.399999999999999911e+00
6.800000000000029354e-01
1.400000000000010125e-01
-3.999999999999989675e-01
-1.120000000000000107e+00
-2.199999999999990019e-01
-9.400000000000050537e-01
-3.999999999999989675e-01
-1.659999999999999920e+00
-2.379999999999999893e+00
2.210000000000000142e+01
1.283000000000000185e+01
2.929999999999999716e+00
1.134500000000000064e+01
1.453999999999999915e+01
9.068000000000001393e+00
3.740000000000000213e+00
1.580000000000000071e+00
-3.999999999999909878e-02
-1.120000000000000107e+00
-2.200000000000000178e+00
-2.919999999999999929e+00
-3.459999999999999964e+00
-4.000000000000000000e+00
-4.360000000000000320e+00
-4.719999999999999751e+00
-5.080000000000009841e+00
-5.259999999999999787e+00
-5.620000000000000107e+00
-5.799999999999999822e+00
-4.855000000000000426e+00
-5.799999999999999822e+00
-6.339999999999999858e+00
-6.519999999999999574e+00
-6.879999999999999893e+00
-2.020000000000000018e+00
7.160000000000000142e+00
1.867999999999999972e+01
1.327999999999999936e+01
1.400000000000000133e+00
-2.650000000000000355e+00
-3.100000000000000089e+00
-3.640000000000000124e+00
-4.000000000000000000e+00
-4.360000000000000320e+00
-4.540000000000000036e+00
-5.080000000000009841e+00
1.201999999999999957e+01
-4.360000000000000320e+00
-4.719999999999999751e+00
-5.080000000000009841e+00
-5.259999999999999787e+00
-5.620000000000000107e+00
-5.799999999999999822e+00
-5.799999999999999822e+00
-6.339999999999999858e+00
-6.474999999999999645e+00
-6.700000000000000178e+00
-6.879999999999999893e+00
-7.059999999999999609e+00
-7.240000000000000213e+00
-7.599999999999978995e-01
8.419999999999999929e+00
1.885999999999999943e+01
9.140000000000000568e+00
2.299999999999999822e+00
-7.599999999999978995e-01
-2.740000000000000213e+00
-3.819999999999999840e+00
-4.360000000000000320e+00
-4.900000000000000355e+00
-5.259999999999999787e+00
-5.799999999999999822e+00
-6.160000000000000142e+00
-6.519999999999999574e+00
-6.879999999999999893e+00
-7.059999999999999609e+00
-7.419999999999999929e+00
-7.599999999999999645e+00
-7.780000000000000249e+00
-7.780000000000000249e+00
-1.502499999999999725e+00
8.779999999999999361e+00
1.921999999999999886e+01
6.980000000000000426e+00
8.599999999999989875e-01
-2.020000000000000018e+00
-3.819999999999999840e+00
-5.259999999999999787e+00
-7.599999999999999645e+00
-7.780000000000000249e+00
-7.780000000000000249e+00
-8.275000000000000355e+00
-8.320000000000000284e+00
-8.500000000000000000e+00
8.779999999999999361e+00
1.819999999999999929e+01
7.879999999999999893e+00
-2.200000000000000178e+00
-4.000000000000000000e+00
-4.900000000000000355e+00
-6.160000000000000142e+00
-6.339999999999999858e+00
-7.059999999999999609e+00
-7.419999999999999929e+00
-7.599999999999999645e+00
-7.780000000000000249e+00
-7.959999999999999964e+00
-8.140000000000000568e+00
1.040000000000000036e+01
8.299999999999997380e-01
-3.999999999999989675e-01
1.012999999999999901e+01
5.315000000000000391e+00
5.000000000000000000e+00
4.459999999999999964e+00
1.580000000000000071e+00
1.400000000000010125e-01
-7.599999999999978995e-01
-1.840000000000000080e+00
-2.379999999999999893e+00
-3.279999999999999805e+00
3.559999999999975406e-01
-3.999999999999909878e-02
-1.659999999999999920e+00
-7.599999999999978995e-01
-3.100000000000000089e+00
-4.360000000000000320e+00
-4.719999999999999751e+00
-3.999999999999909878e-02
-2.020000000000000018e+00
-4.360000000000000320e+00
-5.259999999999999787e+00
-6.160000000000000142e+00
-4.000000000000000000e+00
-6.250000000000000000e+00
-2.199999999999990019e-01
8.960000000000000853e+00
9.140000000000000568e+00
1.580000000000000071e+00
-1.479999999999999982e+00
-3.279999999999999805e+00
-4.180000000000009486e+00
-4.719999999999999751e+00
-4.360000000000000320e+00
-4.719999999999999751e+00
-5.259999999999999787e+00
-4.900000000000000355e+00
-6.160000000000000142e+00
-6.429999999999999716e+00
-7.240000000000000213e+00
-7.419999999999999929e+00
-7.599999999999999645e+00
-7.599999999999999645e+00
-3.999999999999989675e-01
-3.459999999999999964e+00
-4.719999999999999751e+00
-5.799999999999999822e+00
-6.339999999999999858e+00
-6.879999999999999893e+00
-7.240000000000000213e+00
-7.599999999999999645e+00
-7.780000000000000249e+00
-8.140000000000000568e+00
-8.320000000000000284e+00
-8.500000000000000000e+00
-8.859999999999999432e+00
-9.039999999999999147e+00
-9.220000000000000639e+00
-9.400000000000000355e+00
-9.580000000000008953e+00
-9.759999999999999787e+00
-1.011999999999999922e+01
-9.939999999999999503e+00
-2.379999999999999893e+00
7.519999999999999574e+00
1.778000000000000114e+01
2.299999999999999822e+00
-2.919999999999999929e+00
-5.259999999999999787e+00
-6.700000000000000178e+00
-7.599999999999999645e+00
-8.320000000000000284e+00
-8.859999999999999432e+00
-9.220000000000000639e+00
-9.400000000000000355e+00
-9.759999999999999787e+00
-1.011999999999999922e+01
-1.011999999999999922e+01
-1.030000000000000071e+01
-1.066000000000000014e+01
-1.083999999999999986e+01
-1.101999999999999957e+01
-1.119999999999999929e+01
-1.138000000000000078e+01
-1.156000000000000050e+01
-1.174000000000000021e+01
-1.156000000000000050e+01
-4.000000000000000000e+00
6.440000000000000391e+00
1.723999999999999844e+01
4.459999999999999964e+00
3.200000000000000178e+00
-6.879999999999999893e+00
-7.599999999999999645e+00
-8.500000000000000000e+00
-8.859999999999999432e+00
-8.859999999999999432e+00
-9.580000000000008953e+00
-7.059999999999999609e+00
8.599999999999989875e-01
7.082857142857142740e+00
-7.599999999999999645e+00
-7.959999999999999964e+00
-7.599999999999999645e+00
-8.140000000000000568e+00
-8.320000000000000284e+00
-7.959999999999999964e+00
-8.500000000000000000e+00
-9.220000000000000639e+00
-8.140000000000000568e+00
-8.320000000000000284e+00
-8.859999999999999432e+00
-9.039999999999999147e+00
-9.220000000000000639e+00
-9.580000000000008953e+00
-9.580000000000008953e+00
-9.939999999999999503e+00
-1.030000000000000071e+01
-1.030000000000000071e+01
-1.048000000000000043e+01
-1.066000000000000014e+01
-1.083999999999999986e+01
-1.083999999999999986e+01
-4.000000000000000000e+00
-4.090000000000005187e+00
-9.880000000000000782e+00
-1.030000000000000071e+01
-1.066000000000000014e+01
-1.011999999999999922e+01
-4.900000000000000355e+00
-5.259999999999999787e+00
-7.284999999999999254e+00
-6.879999999999999893e+00
-8.500000000000000000e+00
-4.495000000000000107e+00
1.111999999999999922e+01
7.160000000000000142e+00
2.282000000000000028e+01
2.749999999999980238e-01
-2.020000000000000018e+00
-3.459999999999999964e+00
-4.360000000000000320e+00
-1.120000000000000107e+00
-4.360000000000000320e+00
-4.900000000000000355e+00
-5.799999999999999822e+00
-6.339999999999999858e+00
-6.879999999999999893e+00
-7.059999999999999609e+00
-7.240000000000000213e+00
-7.599999999999999645e+00
-7.599999999999999645e+00
-7.599999999999999645e+00
-7.780000000000000249e+00
-7.959999999999999964e+00
-8.320000000000000284e+00
-8.320000000000000284e+00
-3.459999999999999964e+00
5.360000000000000320e+00
1.580000000000000071e+01
-3.640000000000000124e+00
-4.900000000000000355e+00
-5.799999999999999822e+00
-6.519999999999999574e+00
-7.059999999999999609e+00
-7.599999999999999645e+00
-7.780000000000000249e+00
-8.680000000000010374e+00
-9.039999999999999147e+00
-9.220000000000000639e+00
-9.400000000000000355e+00
-9.580000000000008953e+00
-9.759999999999999787e+00
-9.939999999999999503e+00
-1.011999999999999922e+01
-4.900000000000000355e+00
4.280000000000000249e+00
1.490000000000000036e+01
4.639999999999999680e+00
-2.020000000000000018e+00
-4.900000000000000355e+00
-6.339999999999999858e+00
-7.419999999999999929e+00
-8.500000000000000000e+00
-8.859999999999999432e+00
-9.220000000000000639e+00
-9.580000000000008953e+00
-9.759999999999999787e+00
-1.011999999999999922e+01
-1.011999999999999922e+01
-1.030000000000000071e+01
-1.048000000000000043e+01
-1.083999999999999986e+01
-1.083999999999999986e+01
-1.101999999999999957e+01
-1.119999999999999929e+01
-1.138000000000000078e+01
-5.980000000000000426e+00
5.000000000000000000e+00
1.543999999999999950e+01
4.280000000000000249e+00
-5.620000000000000107e+00
-7.059999999999999609e+00
-8.140000000000000568e+00
-8.859999999999999432e+00
-8.500000000000000000e+00
-9.580000000000008953e+00
-9.039999999999999147e+00
-9.759999999999999787e+00
1.400000000000010125e-01
3.199999999999970091e-01
-4.360000000000000320e+00
-6.160000000000000142e+00
-7.059999999999999609e+00
-8.140000000000000568e+00
-8.680000000000010374e+00
-8.859999999999999432e+00
-8.859999999999999432e+00
-3.459999999999999964e+00
5.900000000000000355e+00
1.723999999999999844e+01
5.360000000000000320e+00
-4.000000000000000000e+00
-5.259999999999999787e+00
-6.160000000000000142e+00
-6.879999999999999893e+00
-7.059999999999999609e+00
-7.599999999999999645e+00
-7.780000000000000249e+00
-7.959999999999999964e+00
-8.140000000000000568e+00
-8.320000000000000284e+00
-8.320000000000000284e+00
-8.500000000000000000e+00
-8.680000000000010374e+00
-9.039999999999999147e+00
-9.039999999999999147e+00
-9.220000000000000639e+00
-9.400000000000000355e+00
-9.400000000000000355e+00
-3.819999999999999840e+00
5.540000000000000036e+00
5.000000000000000000e+00
-1.479999999999999982e+00
-4.360000000000000320e+00
-5.799999999999999822e+00
-7.059999999999999609e+00
-7.599999999999999645e+00
-7.959999999999999964e+00
-8.320000000000000284e+00
-8.500000000000000000e+00
-8.859999999999999432e+00
-8.859999999999999432e+00
-9.220000000000000639e+00
-9.400000000000000355e+00
-9.580000000000008953e+00
-9.759999999999999787e+00
-9.759999999999999787e+00
-9.939999999999999503e+00
-4.000000000000000000e+00
5.360000000000000320e+00
1.598000000000000043e+01
4.459999999999999964e+00
-2.020000000000000018e+00
-6.160000000000000142e+00
-7.059999999999999609e+00
-7.599999999999999645e+00
-7.959999999999999964e+00
-8.320000000000000284e+00
-8.680000000000010374e+00
-8.859999999999999432e+00
-9.039999999999999147e+00
-9.220000000000000639e+00
-9.400000000000000355e+00
-9.400000000000000355e+00
-9.580000000000008953e+00
-9.759999999999999787e+00
-9.759999999999999787e+00
-1.011999999999999922e+01
-1.011999999999999922e+01
-1.011999999999999922e+01
-1.011999999999999922e+01
-4.000000000000000000e+00
9.859999999999999432e+00
7.879999999999999893e+00
-3.568000000000000060e+00
-4.870000000000003659e+00
-5.980000000000000426e+00
-6.519999999999999574e+00
-7.419999999999999929e+00
-6.519999999999999574e+00
-7.419999999999999929e+00
-4.360000000000000320e+00
-5.259999999999999787e+00
-5.620000000000000107e+00
-6.160000000000000142e+00
-6.519999999999999574e+00
-6.700000000000000178e+00
-6.700000000000000178e+00
-2.740000000000000213e+00
-1.419999999999999929e+00
-5.080000000000009841e+00
-6.250000000000000000e+00
-6.339999999999999858e+00
-6.879999999999999893e+00
-6.879999999999999893e+00
-7.059999999999999609e+00
-7.059999999999999609e+00
-7.240000000000000213e+00
-7.240000000000000213e+00
-7.419999999999999929e+00
-7.599999999999999645e+00
-7.059999999999999609e+00
-7.375000000000000000e+00
-7.419999999999999929e+00
-7.599999999999999645e+00
-7.780000000000000249e+00
-6.519999999999998685e+00
-6.879999999999999893e+00
-7.059999999999999609e+00
-7.419999999999999929e+00
-7.599999999999999645e+00
-7.644999999999999574e+00
-7.780000000000000249e+00
-7.780000000000000249e+00
-8.140000000000000568e+00
-8.320000000000000284e+00
-8.320000000000000284e+00
-8.320000000000000284e+00
-8.320000000000000284e+00
-8.500000000000000000e+00
-6.339999999999999858e+00
1.580000000000000071e+00
1.183999999999999986e+01
1.939999999999999947e+00
-2.200000000000000178e+00
-4.360000000000000320e+00
1.400000000000010125e-01
-3.279999999999999805e+00
-5.080000000000009841e+00
-5.799999999999999822e+00
-6.160000000000000142e+00
-6.339999999999999858e+00
-6.700000000000000178e+00
-6.879999999999999893e+00
-6.160000000000000142e+00
-6.339999999999999858e+00
-6.339999999999999858e+00
-6.519999999999999574e+00
-6.519999999999999574e+00
-6.519999999999999574e+00
-4.000000000000000000e+00
1.989499999999999957e+01
5.000000000000000000e+00
1.040000000000000036e+00
-1.300000000000000044e+00
-2.560000000000000053e+00
-2.379999999999999893e+00
-3.459999999999999964e+00
-4.000000000000000000e+00
-4.000000000000000000e+00
-4.180000000000009486e+00
-4.360000000000000320e+00
-4.360000000000000320e+00
-4.360000000000000320e+00
-4.360000000000000320e+00
-4.360000000000000320e+00
-4.360000000000000320e+00
-4.540000000000000036e+00
-4.540000000000000036e+00
-4.540000000000000036e+00
-4.540000000000000036e+00
-4.719999999999999751e+00
-2.020000000000000018e+00
1.075999999999999979e+01
1.903999999999999915e+01
5.540000000000000036e+00
1.399999999999999911e+00
-7.599999999999978995e-01
-2.020000000000000018e+00
-2.919999999999999929e+00
-3.459999999999999964e+00
-4.000000000000000000e+00
-4.000000000000000000e+00
-4.360000000000000320e+00
-4.360000000000000320e+00
-4.540000000000000036e+00
-4.719999999999999751e+00
-4.900000000000000355e+00
-4.900000000000000355e+00
-5.080000000000009841e+00
-5.259999999999999787e+00
1.472000000000000064e+01
1.705999999999999872e+01
4.639999999999999680e+00
6.800000000000029354e-01
-1.479999999999999982e+00
-2.740000000000000213e+00
-3.640000000000000124e+00
-4.180000000000009486e+00
-4.540000000000000036e+00
-4.719999999999999751e+00
-4.900000000000000355e+00
-5.259999999999999787e+00
-5.259999999999999787e+00
-5.440000000000000391e+00
-5.620000000000000107e+00
-5.799999999999999822e+00
-5.799999999999999822e+00
-5.799999999999999822e+00
-5.980000000000000426e+00
-6.160000000000000142e+00
-6.160000000000000142e+00
-6.160000000000000142e+00
-3.279999999999999805e+00
1.309999999999999964e+01
1.994000000000000128e+01
5.719999999999999751e+00
1.580000000000000071e+00
1.760000000000000009e+00
1.489999999999999991e+00
3.199999999999970091e-01
1.400000000000010125e-01
-1.120000000000000107e+00
-1.840000000000000080e+00
-2.020000000000000018e+00
-5.800000000000049560e-01
1.399999999999999911e+00
9.140000000000000568e+00
1.903999999999999915e+01
4.955000000000000071e+00
1.939999999999999947e+00
6.800000000000029354e-01
-3.999999999999909878e-02
-7.599999999999978995e-01
-1.120000000000000107e+00
-1.479999999999999982e+00
-1.479999999999999982e+00
-1.840000000000000080e+00
-2.020000000000000018e+00
-2.020000000000000018e+00
-7.149999999999997469e-01
-1.840000000000000080e+00
-2.560000000000000053e+00
-2.919999999999999929e+00
-3.459999999999999964e+00
-3.819999999999999840e+00
-3.819999999999999840e+00
-2.740000000000000213e+00
8.599999999999989875e-01
-1.840000000000000080e+00
-2.379999999999999893e+00
-2.919999999999999929e+00
-2.199999999999990019e-01
-1.120000000000000107e+00
-2.200000000000000178e+00
-2.919999999999999929e+00
6.259999999999999787e+00
1.561999999999999922e+01
2.137999999999999901e+01
6.980000000000000426e+00
2.839999999999999858e+00
8.599999999999989875e-01
-3.999999999999989675e-01
-1.300000000000000044e+00
-2.020000000000000018e+00
-2.379999999999999893e+00
-2.740000000000000213e+00
-2.919999999999999929e+00
-3.279999999999999805e+00
-3.459999999999999964e+00
1.148000000000000043e+01
8.960000000000000853e+00
3.740000000000000213e+00
1.939999999999999947e+00
8.599999999999989875e-01
-3.999999999999909878e-02
-3.999999999999989675e-01
-1.120000000000000107e+00
-1.300000000000000044e+00
-3.999999999999989675e-01
7.519999999999999574e+00
1.669999999999999929e+01
2.192000000000000171e+01
8.060000000000000497e+00
3.740000000000000213e+00
1.580000000000000071e+00
3.199999999999970091e-01
-3.999999999999989675e-01
-1.120000000000000107e+00
-1.659999999999999920e+00
-2.020000000000000018e+00
-2.379999999999999893e+00
-2.740000000000000213e+00
-2.919999999999999929e+00
-2.919999999999999929e+00
-3.279999999999999805e+00
-3.459999999999999964e+00
-3.640000000000000124e+00
-3.640000000000000124e+00
-4.000000000000000000e+00
-4.000000000000000000e+00
-4.180000000000009486e+00
-2.560000000000000053e+00
5.360000000000000320e+00
1.490000000000000036e+01
2.155999999999999872e+01
6.259999999999999787e+00
-2.199999999999990019e-01
-1.300000000000000044e+00
-4.000000000000000000e+00
-4.000000000000000000e+00
-4.360000000000000320e+00
-4.540000000000000036e+00
-4.719999999999999751e+00
-4.900000000000000355e+00
-1.479999999999999982e+00
-2.740000000000000213e+00
-2.740000000000000213e+00
-3.459999999999999964e+00
-3.819999999999999840e+00
-4.000000000000000000e+00
-4.180000000000009486e+00
-4.360000000000000320e+00
-4.360000000000000320e+00
-3.100000000000000089e+00
-2.740000000000000213e+00
-2.919999999999999929e+00
-2.919999999999999929e+00
-5.799999999999999822e+00
-5.980000000000000426e+00
5.000000000000100892e-02
-2.020000000000000018e+00
-3.100000000000000089e+00
-2.379999999999999893e+00
-1.479999999999999982e+00
-1.120000000000000107e+00
-3.100000000000000089e+00
-3.459999999999999964e+00
-3.640000000000000124e+00
-3.819999999999999840e+00
-4.000000000000000000e+00
-2.020000000000000018e+00
-3.100000000000000089e+00
-2.020000000000000018e+00
-3.100000000000000089e+00
-3.819999999999999840e+00
1.291999999999999993e+01
3.740000000000000213e+00
-1.479999999999999760e+00
-2.020000000000000018e+00
6.980000000000000426e+00
1.399999999999999911e+00
-2.199999999999990019e-01
-9.400000000000050537e-01
-1.300000000000000044e+00
-1.840000000000000080e+00
-2.020000000000000018e+00
-2.200000000000000178e+00
-1.300000000000000044e+00
-2.200000000000000178e+00
-2.379999999999999893e+00
-2.919999999999999929e+00
-2.919999999999999929e+00
-3.100000000000000089e+00
3.199999999999970091e-01
-4.000000000000000000e+00
-4.180000000000009486e+00
-4.540000000000000036e+00
-4.900000000000000355e+00
-4.900000000000000355e+00
-5.259999999999999787e+00
-5.259999999999999787e+00
-1.479999999999999982e+00
1.633999999999999986e+01
3.740000000000000213e+00
-4.180000000000009486e+00
1.939999999999999947e+00
-3.640000000000000124e+00
2.299999999999999822e+00
-2.200000000000000178e+00
-3.640000000000000124e+00
-4.360000000000000320e+00
-4.719999999999999751e+00
-3.100000000000000089e+00
-4.540000000000000036e+00
-4.900000000000000355e+00
-5.259999999999999787e+00
-5.440000000000000391e+00
-5.620000000000000107e+00
-5.620000000000000107e+00
-5.799999999999999822e+00
-4.540000000000000036e+00
-4.360000000000000320e+00
4.820000000000000284e+00
1.238000000000000078e+01
2.173999999999999844e+01
1.022000000000000064e+01
3.379999999999999893e+00
5.000000000000000000e-01
-1.120000000000000107e+00
-9.400000000000050537e-01
-1.840000000000000080e+00
-1.840000000000000080e+00
-2.740000000000000213e+00
-3.100000000000000089e+00
-3.459999999999999964e+00
-3.819999999999999840e+00
-5.800000000000049560e-01
-2.200000000000000178e+00
-2.919999999999999929e+00
-3.279999999999999805e+00
-3.459999999999999964e+00
-3.640000000000000124e+00
-4.000000000000000000e+00
-4.000000000000000000e+00
-4.000000000000000000e+00
-4.180000000000009486e+00
1.058000000000000007e+01
2.066000000000000014e+01
1.022000000000000064e+01
3.560000000000000053e+00
8.599999999999989875e-01
-5.800000000000049560e-01
-1.840000000000000080e+00
-2.560000000000000053e+00
-3.100000000000000089e+00
-3.459999999999999964e+00
-4.000000000000000000e+00
-4.000000000000000000e+00
-4.180000000000009486e+00
-4.360000000000000320e+00
-4.540000000000000036e+00
-4.719999999999999751e+00
-4.900000000000000355e+00
-4.900000000000000355e+00
-5.080000000000009841e+00
-5.259999999999999787e+00
-5.259999999999999787e+00
-5.259999999999999787e+00
-5.440000000000000391e+00
3.199999999999970091e-01
9.140000000000000568e+00
8.599999999999999645e+00
2.299999999999999822e+00
-3.999999999999989675e-01
-2.020000000000000018e+00
-2.919999999999999929e+00
-3.819999999999999840e+00
-4.180000000000009486e+00
-4.540000000000000036e+00
-4.719999999999999751e+00
-4.900000000000000355e+00
-5.259999999999999787e+00
-5.259999999999999787e+00
-5.620000000000000107e+00
-5.620000000000000107e+00
-5.799999999999999822e+00
-5.980000000000000426e+00
-6.160000000000000142e+00
-6.160000000000000142e+00
-6.339999999999999858e+00
-6.339999999999999858e+00
-6.339999999999999858e+00
-9.400000000000050537e-01
8.419999999999999929e+00
1.850000000000000000e+01
7.519999999999999574e+00
1.399999999999999911e+00
-1.300000000000000044e+00
-2.919999999999999929e+00
-4.000000000000000000e+00
-4.360000000000000320e+00
-4.900000000000000355e+00
-5.080000000000009841e+00
-5.259999999999999787e+00
-4.000000000000000000e+00
-4.719999999999999751e+00
-5.080000000000009841e+00
-5.259999999999999787e+00
-5.620000000000000107e+00
-5.620000000000000107e+00
-4.719999999999999751e+00
-5.259999999999999787e+00
-5.440000000000000391e+00
-5.620000000000000107e+00
-5.080000000000009841e+00
-5.259999999999999787e+00
6.800000000000029354e-01
9.859999999999999432e+00
1.957999999999999829e+01
8.779999999999999361e+00
2.479999999999999982e+00
-2.199999999999990019e-01
-1.840000000000000080e+00
-2.919999999999999929e+00
-4.000000000000000000e+00
-4.360000000000000320e+00
-4.540000000000000036e+00
-4.900000000000000355e+00
-4.900000000000000355e+00
-5.080000000000009841e+00
-5.259999999999999787e+00
-5.440000000000000391e+00
-5.620000000000000107e+00
-5.620000000000000107e+00
-5.799999999999999822e+00
-5.799999999999999822e+00
-5.799999999999999822e+00
-5.980000000000000426e+00
-5.980000000000000426e+00
1.400000000000010125e-01
9.320000000000000284e+00
1.921999999999999886e+01
8.060000000000000497e+00
1.939999999999999947e+00
-7.599999999999978995e-01
-2.379999999999999893e+00
-3.459999999999999964e+00
-4.180000000000009486e+00
-4.900000000000000355e+00
-5.080000000000009841e+00
-5.259999999999999787e+00
-5.620000000000000107e+00
-5.799999999999999822e+00
-5.980000000000000426e+00
-6.160000000000000142e+00
-6.160000000000000142e+00
-6.339999999999999858e+00
-6.339999999999999858e+00
-6.519999999999999574e+00
-6.519999999999999574e+00
-6.700000000000000178e+00
-5.800000000000049560e-01
8.599999999999999645e+00
1.850000000000000000e+01
7.160000000000000142e+00
1.040000000000000036e+00
-1.659999999999999920e+00
-3.279999999999999805e+00
-4.360000000000000320e+00
-4.900000000000000355e+00
-5.259999999999999787e+00
-5.620000000000000107e+00
-5.799999999999999822e+00
-6.160000000000000142e+00
-6.160000000000000142e+00
-6.339999999999999858e+00
-6.519999999999999574e+00
-6.700000000000000178e+00
-6.879999999999999893e+00
-6.879999999999999893e+00
-7.059999999999999609e+00
-7.059999999999999609e+00
-7.240000000000000213e+00
-7.419999999999999929e+00
-7.419999999999999929e+00
-1.479999999999999982e+00
1.309999999999999964e+01
8.060000000000000497e+00
1.399999999999999911e+00
-1.479999999999999982e+00
-3.279999999999999805e+00
-4.180000000000009486e+00
-4.360000000000000320e+00
-4.900000000000000355e+00
-5.259999999999999787e+00
-5.440000000000000391e+00
-5.799999999999999822e+00
-6.100000000000000533e+00
-6.160000000000000142e+00
-6.160000000000000142e+00
-4.360000000000000320e+00
-5.440000000000000391e+00
-3.399999999999999911e+00
-4.180000000000009486e+00
-4.000000000000000000e+00
-4.540000000000000036e+00
-4.000000000000000000e+00
-4.900000000000000355e+00
-5.259999999999999787e+00
-5.799999999999999822e+00
-5.980000000000000426e+00
-6.160000000000000142e+00
1.219999999999999973e+00
2.048000000000000043e+01
6.440000000000000391e+00
1.219999999999999973e+00
-1.300000000000000044e+00
-2.740000000000000213e+00
-3.819999999999999840e+00
-4.360000000000000320e+00
-4.719999999999999751e+00
-5.080000000000009841e+00
-5.259999999999999787e+00
-5.620000000000000107e+00
-5.799999999999999822e+00
-5.799999999999999822e+00
-6.160000000000000142e+00
-6.160000000000000142e+00
-6.339999999999999858e+00
-6.519999999999999574e+00
-6.700000000000000178e+00
-6.879999999999999893e+00
-6.879999999999999893e+00
-7.059999999999999609e+00
-7.059999999999999609e+00
9.679999999999999716e+00
1.957999999999999829e+01
5.000000000000000000e+00
3.199999999999970091e-01
-2.379999999999999893e+00
-4.000000000000000000e+00
-4.719999999999999751e+00
-5.259999999999999787e+00
-5.620000000000000107e+00
-5.799999999999999822e+00
-6.160000000000000142e+00
-6.339999999999999858e+00
-6.700000000000000178e+00
-6.879999999999999893e+00
-7.059999999999999609e+00
-7.059999999999999609e+00
-7.419999999999999929e+00
-7.599999999999999645e+00
-7.599999999999999645e+00
-7.780000000000000249e+00
-7.780000000000000249e+00
-7.959999999999999964e+00
-7.959999999999999964e+00
-7.599999999999978995e-01
1.994000000000000128e+01
5.540000000000000036e+00
1.400000000000010125e-01
-2.379999999999999893e+00
-4.000000000000000000e+00
6.259999999999999787e+00
-5.800000000000049560e-01
7.339999999999999858e+00
7.339999999999999858e+00
3.740000000000000213e+00
2.300000000000000000e+01
1.053500000000000014e+01
4.775000000000000355e+00
2.479999999999999982e+00
1.399999999999999911e+00
6.800000000000029354e-01
2.000000000000000000e+00
6.800000000000029354e-01
-2.199999999999990019e-01
-7.599999999999978995e-01
-1.120000000000000107e+00
-1.300000000000000044e+00
-1.659999999999999920e+00
-1.659999999999999920e+00
-1.840000000000000080e+00
-2.020000000000000018e+00
-2.200000000000000178e+00
-2.200000000000000178e+00
-2.560000000000000053e+00
-2.740000000000000213e+00
-1.120000000000000107e+00
6.440000000000000391e+00
1.669999999999999929e+01
4.099999999999999645e+00
4.009999999999999787e+00
2.120000000000000107e+00
8.599999999999989875e-01
-3.999999999999909878e-02
-5.800000000000049560e-01
-1.120000000000000107e+00
-1.479999999999999982e+00
-1.840000000000000080e+00
-2.020000000000000018e+00
-2.200000000000000178e+00
-2.379999999999999893e+00
-2.919999999999999929e+00
-2.919999999999999929e+00
-3.100000000000000089e+00
-3.459999999999999964e+00
-3.819999999999999840e+00
-1.659999999999999920e+00
5.900000000000001243e+00
-1.179999999999999938e+00
-1.659999999999999920e+00
-2.200000000000000178e+00
-2.379999999999999893e+00
-2.740000000000000213e+00
-3.100000000000000089e+00
-3.459999999999999964e+00
-3.459999999999999964e+00
-3.640000000000000124e+00
-3.819999999999999840e+00
-4.000000000000000000e+00
-4.000000000000000000e+00
-4.180000000000009486e+00
-4.180000000000009486e+00
-1.300000000000000044e+00
6.259999999999999787e+00
1.651999999999999957e+01
1.616000000000000014e+01
6.259999999999999787e+00
2.839999999999999858e+00
4.280000000000000249e+00
1.580000000000000071e+00
1.400000000000010125e-01
-7.599999999999978995e-01
2.479999999999999982e+00
-2.199999999999990019e-01
-1.300000000000000044e+00
-2.200000000000000178e+00
-2.740000000000000213e+00
-2.919999999999999929e+00
-2.919999999999999929e+00
-7.599999999999978995e-01
-2.200000000000000178e+00
-2.740000000000000213e+00
-2.919999999999999929e+00
-3.100000000000000089e+00
2.839999999999999858e+00
9.859999999999999432e+00
1.976000000000000156e+01
1.543999999999999950e+01
6.080000000000000071e+00
8.599999999999989875e-01
-3.999999999999989675e-01
-1.840000000000000080e+00
-2.020000000000000018e+00
-2.379999999999999893e+00
-2.740000000000000213e+00
-2.200000000000000178e+00
-2.919999999999999929e+00
-3.100000000000000089e+00
-3.459999999999999964e+00
-3.640000000000000124e+00
-4.000000000000000000e+00
-4.000000000000000000e+00
-4.000000000000000000e+00
-4.180000000000009486e+00
-4.360000000000000320e+00
-4.360000000000000320e+00
-3.999999999999909878e-02
8.060000000000000497e+00
1.850000000000000000e+01
1.400000000000000000e+01
5.000000000000000000e+00
2.120000000000000107e+00
3.199999999999970091e-01
-1.120000000000000107e+00
-2.020000000000000018e+00
-2.740000000000000213e+00
-3.100000000000000089e+00
-3.459999999999999964e+00
-4.000000000000000000e+00
-4.000000000000000000e+00
-4.180000000000009486e+00
-4.360000000000000320e+00
-4.540000000000000036e+00
-4.719999999999999751e+00
-4.900000000000000355e+00
-5.080000000000009841e+00
-5.080000000000009841e+00
-5.259999999999999787e+00
-5.259999999999999787e+00
-5.620000000000000107e+00
-1.479999999999999982e+00
6.799999999999999822e+00
1.742000000000000171e+01
1.309999999999999964e+01
-2.200000000000000178e+00
-3.640000000000000124e+00
-4.000000000000000000e+00
-4.719999999999999751e+00
-5.080000000000009841e+00
-5.620000000000000107e+00
-5.620000000000000107e+00
-5.799999999999999822e+00
-6.160000000000000142e+00
-6.160000000000000142e+00
-2.020000000000000018e+00
6.259999999999999787e+00
1.705999999999999872e+01
1.238000000000000078e+01
3.199999999999970091e-01
-1.479999999999999982e+00
-2.740000000000000213e+00
-3.640000000000000124e+00
-4.000000000000000000e+00
-4.360000000000000320e+00
-4.540000000000000036e+00
-4.900000000000000355e+00
-4.900000000000000355e+00
-5.080000000000009841e+00
2.912000000000000099e+01
1.148000000000000043e+01
5.000000000000000000e+00
2.120000000000000107e+00
1.219999999999999973e+00
-5.800000000000049560e-01
2.120000000000000107e+00
-1.300000000000000044e+00
-1.120000000000000107e+00
-2.740000000000000213e+00
-4.000000000000000000e+00
-4.360000000000000320e+00
-3.459999999999999964e+00
-4.180000000000009486e+00
-6.339999999999999858e+00
-6.159999999999999254e+00
-7.059999999999999609e+00
2.839999999999999858e+00
3.439999999999999947e+00
1.472000000000000064e+01
1.003999999999999915e+01
9.679999999999999716e+00
-1.300000000000000044e+00
-2.379999999999999893e+00
-4.180000000000009486e+00
-4.360000000000000320e+00
-4.540000000000000036e+00
-4.900000000000000355e+00
-5.080000000000009841e+00
-5.080000000000009841e+00
-5.080000000000009841e+00
-5.259999999999999787e+00
-4.180000000000009486e+00
-5.800000000000049560e-01
8.960000000000000853e+00
1.903999999999999915e+01
1.723999999999999844e+01
7.519999999999999574e+00
2.479999999999999982e+00
3.199999999999970091e-01
-1.120000000000000107e+00
-2.200000000000000178e+00
-3.459999999999999964e+00
-2.200000000000000178e+00
-3.100000000000000089e+00
8.419999999999999929e+00
1.957999999999999829e+01
5.900000000000000355e+00
5.000000000000000000e-01
-2.020000000000000018e+00
-3.640000000000000124e+00
-4.540000000000000036e+00
-5.080000000000009841e+00
-5.620000000000000107e+00
-5.799999999999999822e+00
-6.160000000000000142e+00
-6.339999999999999858e+00
-6.519999999999999574e+00
-4.900000000000000355e+00
-5.800000000000049560e-01
-4.000000000000000000e+00
-4.540000000000000036e+00
-4.900000000000000355e+00
-5.259999999999999787e+00
2.660000000000000142e+00
-2.919999999999999929e+00
-4.180000000000009486e+00
-4.540000000000000036e+00
-4.900000000000000355e+00
-5.259999999999999787e+00
-5.259999999999999787e+00
-5.440000000000000391e+00
-5.620000000000000107e+00
-1.540000000000000036e+00
-2.379999999999999893e+00
-2.919999999999999929e+00
-2.740000000000000213e+00
-4.000000000000000000e+00
-4.000000000000000000e+00
-4.360000000000000320e+00
-4.360000000000000320e+00
-4.360000000000000320e+00
-4.540000000000000036e+00
-4.719999999999999751e+00
-4.900000000000000355e+00
-4.900000000000000355e+00
-5.080000000000009841e+00
-5.259999999999999787e+00
-5.259999999999999787e+00
1.939999999999999947e+00
1.093999999999999950e+01
2.066000000000000014e+01
8.599999999999999645e+00
2.660000000000000142e+00
1.400000000000010125e-01
-2.379999999999999893e+00
-3.279999999999999805e+00
-3.819999999999999840e+00
-4.180000000000009486e+00
-4.360000000000000320e+00
-4.540000000000000036e+00
-4.719999999999999751e+00
-4.900000000000000355e+00
-5.259999999999999787e+00
-5.530000000000000249e+00
-5.620000000000000107e+00
-5.799999999999999822e+00
-5.799999999999999822e+00
-5.980000000000000426e+00
-5.259999999999999787e+00
3.020000000000000018e+00
1.994000000000000128e+01
5.179999999999999716e+00
1.219999999999999973e+00
-1.120000000000000107e+00
-2.560000000000000053e+00
-3.459999999999999964e+00
-4.360000000000000320e+00
-5.080000000000009841e+00
-5.440000000000000391e+00
-5.799999999999999822e+00
-6.339999999999999858e+00
-6.519999999999998685e+00
-6.700000000000000178e+00
-4.000000000000000000e+00
4.459999999999999964e+00
1.490000000000000036e+01
1.850000000000000000e+01
6.080000000000000071e+00
1.939999999999999947e+00
-5.800000000000049560e-01
-2.200000000000000178e+00
-3.100000000000000089e+00
-2.379999999999999893e+00
-4.000000000000000000e+00
-4.540000000000000036e+00
-4.900000000000000355e+00
-5.259999999999999787e+00
-5.440000000000000391e+00
-5.620000000000000107e+00
-5.799999999999999822e+00
-5.799999999999999822e+00
-5.799999999999999822e+00
-6.160000000000000142e+00
-6.160000000000000142e+00
-6.160000000000000142e+00
-6.160000000000000142e+00
-6.160000000000000142e+00
-2.740000000000000213e+00
6.080000000000000071e+00
1.705999999999999872e+01
1.400000000000000000e+01
3.560000000000000053e+00
1.400000000000010125e-01
-2.020000000000000018e+00
-1.300000000000000044e+00
-3.100000000000000089e+00
-4.000000000000000000e+00
-4.360000000000000320e+00
-4.719999999999999751e+00
-4.900000000000000355e+00
-5.259999999999999787e+00
-5.259999999999999787e+00
-5.620000000000000107e+00
-5.620000000000000107e+00
-5.799999999999999822e+00
-4.540000000000000036e+00
-5.259999999999999787e+00
-5.799999999999999822e+00
-5.799999999999999822e+00
-5.980000000000000426e+00
-6.160000000000000142e+00
-2.560000000000000053e+00
6.259999999999999787e+00
1.742000000000000171e+01
1.400000000000000000e+01
3.740000000000000213e+00
1.400000000000010125e-01
-1.840000000000000080e+00
-3.100000000000000089e+00
-4.000000000000000000e+00
-4.360000000000000320e+00
-4.719999999999999751e+00
-5.080000000000009841e+00
-5.259999999999999787e+00
-5.440000000000000391e+00
-5.620000000000000107e+00
-5.799999999999999822e+00
-5.799999999999999822e+00
-5.980000000000000426e+00
-6.160000000000000142e+00
-6.160000000000000142e+00
-6.339999999999999858e+00
-6.339999999999999858e+00
-6.519999999999999574e+00
-6.519999999999999574e+00
-3.100000000000000089e+00
5.540000000000000036e+00
1.651999999999999957e+01
1.327999999999999936e+01
3.020000000000000018e+00
-3.999999999999989675e-01
-2.379999999999999893e+00
-3.640000000000000124e+00
-4.360000000000000320e+00
-4.900000000000000355e+00
-5.259999999999999787e+00
-5.620000000000000107e+00
-5.799999999999999822e+00
-5.980000000000000426e+00
-6.160000000000000142e+00
-6.339999999999999858e+00
-6.339999999999999858e+00
-6.519999999999999574e+00
-6.700000000000000178e+00
-6.879999999999999893e+00
-6.879999999999999893e+00
-6.879999999999999893e+00
-7.059999999999999609e+00
-7.059999999999999609e+00
-4.000000000000000000e+00
5.000000000000000000e+00
1.307000000000000028e+01
4.099999999999999645e+00
-1.624000000000000110e+00
-2.919999999999999929e+00
-2.919999999999999929e+00
-4.000000000000000000e+00
-4.540000000000000036e+00
-4.900000000000000355e+00
-5.259999999999999787e+00
9.500000000000000000e+00
2.120000000000000107e+00
1.939999999999999947e+00
-5.800000000000049560e-01
-2.020000000000000018e+00
-2.919999999999999929e+00
-3.279999999999999805e+00
-4.000000000000000000e+00
-3.640000000000000124e+00
-2.919999999999999929e+00
5.000000000000000000e+00
1.453999999999999915e+01
2.155999999999999872e+01
2.299999999999999822e+00
1.400000000000010125e-01
-1.479999999999999982e+00
-2.560000000000000053e+00
-3.279999999999999805e+00
-4.000000000000000000e+00
-4.180000000000009486e+00
-4.540000000000000036e+00
-5.080000000000009841e+00
-5.259999999999999787e+00
-5.259999999999999787e+00
-5.440000000000000391e+00
-5.440000000000000391e+00
-5.620000000000000107e+00
-5.620000000000000107e+00
-5.799999999999999822e+00
8.060000000000000497e+00
-6.160000000000000142e+00
-6.160000000000000142e+00
-6.160000000000000142e+00
-6.339999999999999858e+00
-6.339999999999999858e+00
-6.339999999999999858e+00
-6.339999999999999858e+00
-6.339999999999999858e+00
-6.339999999999999858e+00
-6.339999999999999858e+00
4.820000000000000284e+00
1.309999999999999964e+01
2.192000000000000171e+01
7.160000000000000142e+00
1.939999999999999947e+00
5.000000000000000000e+00
2.120000000000000107e+00
-5.800000000000049560e-01
-1.840000000000000080e+00
-1.479999999999999982e+00
-2.560000000000000053e+00
-1.479999999999999982e+00
-2.740000000000000213e+00
-3.100000000000000089e+00
-3.640000000000000124e+00
-4.000000000000000000e+00
-4.000000000000000000e+00
-4.180000000000009486e+00
-4.360000000000000320e+00
-4.540000000000000036e+00
-4.900000000000000355e+00
-5.080000000000009841e+00
-5.440000000000000391e+00
-4.000000000000000000e+00
-4.900000000000000355e+00
-5.259999999999999787e+00
-3.640000000000000124e+00
-4.719999999999999751e+00
-4.000000000000000000e+00
-4.900000000000000355e+00
-5.440000000000000391e+00
-4.900000000000000355e+00
-5.259999999999999787e+00
-3.999999999999989675e-01
7.879999999999999893e+00
1.814000000000000057e+01
1.111999999999999922e+01
3.020000000000000018e+00
3.199999999999970091e-01
-1.479999999999999982e+00
-2.560000000000000053e+00
-3.100000000000000089e+00
-3.640000000000000124e+00
-4.000000000000000000e+00
-4.360000000000000320e+00
-4.360000000000000320e+00
2.498000000000000043e+01
1.778000000000000114e+01
9.320000000000000284e+00
5.000000000000000000e+00
2.143999999999999773e+01
-1.479999999999999982e+00
-2.200000000000000178e+00
-2.740000000000000213e+00
-2.919999999999999929e+00
1.561999999999999922e+01
5.000000000000000000e+00
6.800000000000029354e-01
-3.999999999999989675e-01
-9.400000000000050537e-01
-1.479999999999999982e+00
-1.840000000000000080e+00
-2.020000000000000018e+00
4.820000000000000284e+00
1.400000000000000000e+01
2.300000000000000000e+01
7.879999999999999893e+00
3.379999999999999893e+00
7.879999999999999893e+00
2.839999999999999858e+00
-5.800000000000049560e-01
-1.300000000000000044e+00
-1.659999999999999920e+00
-1.840000000000000080e+00
-1.300000000000000044e+00
-2.020000000000000018e+00
5.000000000000000000e+00
1.561999999999999922e+01
1.472000000000000064e+01
4.099999999999999645e+00
6.800000000000029354e-01
-1.120000000000000107e+00
-2.200000000000000178e+00
-3.640000000000000124e+00
-4.000000000000000000e+00
-4.360000000000000320e+00
-4.540000000000000036e+00
-4.719999999999999751e+00
-4.719999999999999751e+00
-4.900000000000000355e+00
-4.900000000000000355e+00
-4.000000000000000000e+00
-4.360000000000000320e+00
-3.640000000000000124e+00
-4.000000000000000000e+00
-4.000000000000000000e+00
-4.000000000000000000e+00
-7.599999999999978995e-01
7.160000000000000142e+00
1.742000000000000171e+01
1.561999999999999922e+01
4.820000000000000284e+00
1.580000000000000071e+00
-2.199999999999990019e-01
-1.300000000000000044e+00
-2.020000000000000018e+00
-2.379999999999999893e+00
-2.740000000000000213e+00
-3.100000000000000089e+00
-3.279999999999999805e+00
-3.640000000000000124e+00
-3.640000000000000124e+00
-3.819999999999999840e+00
-4.000000000000000000e+00
-4.000000000000000000e+00
-4.180000000000009486e+00
-4.180000000000009486e+00
-4.360000000000000320e+00
-4.360000000000000320e+00
-4.360000000000000320e+00
-4.540000000000000036e+00
-1.120000000000000107e+00
6.620000000000000107e+00
1.687999999999999901e+01
1.543999999999999950e+01
4.459999999999999964e+00
1.219999999999999973e+00
-3.999999999999989675e-01
-1.659999999999999920e+00
-2.379999999999999893e+00
-2.919999999999999929e+00
-3.279999999999999805e+00
-3.640000000000000124e+00
-3.819999999999999840e+00
-4.000000000000000000e+00
-4.180000000000009486e+00
-4.360000000000000320e+00
-4.360000000000000320e+00
-4.540000000000000036e+00
-4.719999999999999751e+00
-4.900000000000000355e+00
-4.900000000000000355e+00
-4.900000000000000355e+00
-5.080000000000009841e+00
-5.080000000000009841e+00
-2.020000000000000018e+00
5.900000000000000355e+00
1.616000000000000014e+01
1.490000000000000036e+01
3.919999999999999929e+00
5.000000000000000000e-01
-1.300000000000000044e+00
-2.379999999999999893e+00
-3.100000000000000089e+00
-3.819999999999999840e+00
-4.000000000000000000e+00
-4.360000000000000320e+00
-4.540000000000000036e+00
-4.719999999999999751e+00
-4.900000000000000355e+00
-4.900000000000000355e+00
-5.080000000000009841e+00
-5.259999999999999787e+00
-5.259999999999999787e+00
-5.440000000000000391e+00
-5.620000000000000107e+00
-5.620000000000000107e+00
-5.620000000000000107e+00
-5.799999999999999822e+00
-2.740000000000000213e+00
5.000000000000000000e+00
1.543999999999999950e+01
1.400000000000000000e+01
4.280000000000000249e+00
5.000000000000000000e-01
-1.300000000000000044e+00
-2.560000000000000053e+00
-3.459999999999999964e+00
-4.000000000000000000e+00
-4.360000000000000320e+00
-4.540000000000000036e+00
-4.900000000000000355e+00
-4.900000000000000355e+00
-5.080000000000009841e+00
-5.259999999999999787e+00
-5.259999999999999787e+00
-5.259999999999999787e+00
-4.000000000000000000e+00
-4.900000000000000355e+00
-5.080000000000009841e+00
-2.020000000000000018e+00
5.360000000000000320e+00
1.903999999999999915e+01
1.903999999999999915e+01
6.080000000000000071e+00
3.200000000000000178e+00
-3.519999999999999574e+00
-4.000000000000000000e+00
-4.000000000000000000e+00
-4.360000000000000320e+00
-4.719999999999999751e+00
-4.900000000000000355e+00
-5.080000000000009841e+00
7.745000000000000107e+00
1.040000000000000036e+00
-1.840000000000000080e+00
3.020000000000000018e+00
9.859999999999999432e+00
2.299999999999999822e+00
-5.800000000000049560e-01
-2.379999999999999893e+00
-3.279999999999999805e+00
-4.000000000000000000e+00
-5.800000000000049560e-01
-1.120000000000000107e+00
-2.560000000000000053e+00
-3.819999999999999840e+00
-4.180000000000009486e+00
-2.919999999999999929e+00
-3.459999999999999964e+00
-4.360000000000000320e+00
-4.900000000000000355e+00
-5.080000000000009841e+00
9.140000000000000568e+00
1.022000000000000064e+01
1.778000000000000114e+01
2.587999999999999901e+01
1.111999999999999922e+01
4.639999999999999680e+00
1.760000000000000009e+00
1.400000000000010125e-01
-1.300000000000000044e+00
-2.020000000000000018e+00
-2.740000000000000213e+00
-3.459999999999999964e+00
-3.819999999999999840e+00
-4.000000000000000000e+00
-4.180000000000009486e+00
-4.540000000000000036e+00
-4.900000000000000355e+00
-5.080000000000009841e+00
-5.259999999999999787e+00
-5.620000000000000107e+00
-5.620000000000000107e+00
-5.799999999999999822e+00
-5.980000000000000426e+00
5.000000000000000000e-01
1.003999999999999915e+01
2.030000000000000071e+01
7.160000000000000142e+00
1.580000000000000071e+00
-1.120000000000000107e+00
-2.740000000000000213e+00
-4.000000000000000000e+00
-4.360000000000000320e+00
-4.900000000000000355e+00
-5.259999999999999787e+00
-5.620000000000000107e+00
-5.620000000000000107e+00
-6.160000000000000142e+00
-6.160000000000000142e+00
-6.339999999999999858e+00
-6.519999999999999574e+00
-6.700000000000000178e+00
-6.879999999999999893e+00
-6.879999999999999893e+00
-7.059999999999999609e+00
-7.240000000000000213e+00
-7.599999999999978995e-01
1.957999999999999829e+01
5.900000000000000355e+00
5.000000000000000000e-01
-2.200000000000000178e+00
-4.000000000000000000e+00
-4.719999999999999751e+00
-5.259999999999999787e+00
-5.799999999999999822e+00
-6.160000000000000142e+00
-6.339999999999999858e+00
-6.519999999999999574e+00
-6.879999999999999893e+00
-6.879999999999999893e+00
-7.059999999999999609e+00
-7.240000000000000213e+00
-7.419999999999999929e+00
-7.599999999999999645e+00
-7.599999999999999645e+00
-7.780000000000000249e+00
-7.959999999999999964e+00
-8.140000000000000568e+00
-1.479999999999999982e+00
1.850000000000000000e+01
6.440000000000000391e+00
1.400000000000010125e-01
-2.740000000000000213e+00
-4.180000000000009486e+00
-5.080000000000009841e+00
-1.300000000000000044e+00
-4.540000000000000036e+00
-5.620000000000000107e+00
-5.980000000000000426e+00
-6.339999999999999858e+00
-6.519999999999999574e+00
1.400000000000010125e-01
-2.919999999999999929e+00
-4.900000000000000355e+00
-5.799999999999999822e+00
-6.160000000000000142e+00
-6.519999999999999574e+00
-6.879999999999999893e+00
-7.059999999999999609e+00
-7.240000000000000213e+00
-7.419999999999999929e+00
1.399999999999999911e+00
1.058000000000000007e+01
2.048000000000000043e+01
5.360000000000000320e+00
1.400000000000010125e-01
-2.740000000000000213e+00
-2.740000000000000213e+00
-5.259999999999999787e+00
-5.799999999999999822e+00
-6.339999999999999858e+00
-6.339999999999999858e+00
-6.519999999999999574e+00
-6.879999999999999893e+00
-7.240000000000000213e+00
-7.419999999999999929e+00
-7.599999999999999645e+00
-7.599999999999999645e+00
-7.599999999999999645e+00
-7.599999999999999645e+00
-7.780000000000000249e+00
-7.780000000000000249e+00
-5.800000000000049560e-01
9.320000000000000284e+00
1.957999999999999829e+01
4.639999999999999680e+00
-5.800000000000049560e-01
-3.279999999999999805e+00
-5.440000000000000391e+00
-5.799999999999999822e+00
-6.339999999999999858e+00
-6.519999999999999574e+00
-6.879999999999999893e+00
-6.879999999999999893e+00
-7.059999999999999609e+00
-7.419999999999999929e+00
-7.419999999999999929e+00
-7.599999999999999645e+00
-7.599999999999999645e+00
-7.780000000000000249e+00
-7.780000000000000249e+00
-7.780000000000000249e+00
-7.959999999999999964e+00
-5.800000000000049560e-01
9.500000000000000000e+00
1.976000000000000156e+01
4.099999999999999645e+00
-9.400000000000050537e-01
-3.640000000000000124e+00
-4.719999999999999751e+00
-5.620000000000000107e+00
-6.160000000000000142e+00
-6.519999999999999574e+00
-6.879999999999999893e+00
-6.879999999999999893e+00
-7.059999999999999609e+00
-7.240000000000000213e+00
-7.419999999999999929e+00
-7.599999999999999645e+00
-7.780000000000000249e+00
-7.780000000000000249e+00
-7.780000000000000249e+00
-7.780000000000000249e+00
-8.140000000000000568e+00
-8.140000000000000568e+00
-3.999999999999989675e-01
9.500000000000000000e+00
1.994000000000000128e+01
3.919999999999999929e+00
2.299999999999999822e+00
3.199999999999970091e-01
-2.919999999999999929e+00
-6.160000000000000142e+00
-4.000000000000000000e+00
-3.459999999999999964e+00
-4.719999999999999751e+00
-5.080000000000009841e+00
-5.259999999999999787e+00
-5.620000000000000107e+00
-5.799999999999999822e+00
-5.799999999999999822e+00
-5.259999999999999787e+00
-5.620000000000000107e+00
-5.799999999999999822e+00
-5.980000000000000426e+00
1.760000000000000009e+00
1.166000000000000014e+01
5.900000000000000355e+00
6.800000000000029354e-01
-1.840000000000000080e+00
-3.100000000000000089e+00
-4.000000000000000000e+00
-4.360000000000000320e+00
-4.900000000000000355e+00
-5.259999999999999787e+00
-5.440000000000000391e+00
-5.620000000000000107e+00
-5.620000000000000107e+00
-5.799999999999999822e+00
-5.799999999999999822e+00
-5.799999999999999822e+00
1.040000000000000036e+01
1.040000000000000036e+00
3.199999999999970091e-01
-2.379999999999999893e+00
-4.180000000000009486e+00
-3.459999999999999964e+00
-5.080000000000009841e+00
-5.620000000000000107e+00
-5.980000000000000426e+00
-4.000000000000000000e+00
-5.620000000000000107e+00
-5.799999999999999822e+00
-5.259999999999999787e+00
-5.620000000000000107e+00
-4.540000000000000036e+00
-5.259999999999999787e+00
-5.440000000000000391e+00
-1.120000000000000107e+00
7.700000000000000178e+00
1.796000000000000085e+01
1.256000000000000050e+01
3.379999999999999893e+00
-3.999999999999909878e-02
-1.840000000000000080e+00
-2.919999999999999929e+00
-3.640000000000000124e+00
-4.000000000000000000e+00
-4.360000000000000320e+00
-4.540000000000000036e+00
-4.900000000000000355e+00
9.140000000000000568e+00
4.459999999999999964e+00
-5.800000000000049560e-01
-2.020000000000000018e+00
2.299999999999999822e+00
-7.599999999999978995e-01
-1.840000000000000080e+00
-2.740000000000000213e+00
-2.919999999999999929e+00
-3.100000000000000089e+00
9.500000000000000000e+00
1.327999999999999936e+01
4.280000000000000249e+00
-2.919999999999999929e+00
-3.279999999999999805e+00
-3.640000000000000124e+00
-4.000000000000000000e+00
-4.000000000000000000e+00
-4.180000000000009486e+00
-4.360000000000000320e+00
-4.360000000000000320e+00
-4.540000000000000036e+00
-4.540000000000000036e+00
-4.719999999999999751e+00
-4.900000000000000355e+00
-4.900000000000000355e+00
-4.900000000000000355e+00
-5.080000000000009841e+00
-5.800000000000049560e-01
8.060000000000000497e+00
1.796000000000000085e+01
1.166000000000000014e+01
3.200000000000000178e+00
1.400000000000010125e-01
-1.479999999999999982e+00
-2.740000000000000213e+00
-3.459999999999999964e+00
-4.000000000000000000e+00
-4.180000000000009486e+00
-4.360000000000000320e+00
-4.719999999999999751e+00
-4.900000000000000355e+00
-4.900000000000000355e+00
-5.080000000000009841e+00
-5.259999999999999787e+00
-5.259999999999999787e+00
-5.440000000000000391e+00
-5.620000000000000107e+00
-5.620000000000000107e+00
-5.620000000000000107e+00
-5.799999999999999822e+00
-5.799999999999999822e+00
-1.479999999999999982e+00
7.160000000000000142e+00
1.742000000000000171e+01
1.093999999999999950e+01
2.479999999999999982e+00
-5.800000000000049560e-01
-2.379999999999999893e+00
-3.459999999999999964e+00
-4.000000000000000000e+00
-4.360000000000000320e+00
-4.719999999999999751e+00
-5.080000000000009841e+00
-4.900000000000000355e+00
-1.840000000000000080e+00
2.660000000000000142e+00
-2.020000000000000018e+00
-3.279999999999999805e+00
-4.000000000000000000e+00
-4.360000000000000320e+00
-4.540000000000000036e+00
-4.719999999999999751e+00
-4.900000000000000355e+00
-4.900000000000000355e+00
-5.080000000000009841e+00
3.379999999999999893e+00
1.669999999999999929e+01
2.353999999999999915e+01
1.561999999999999922e+01
5.360000000000000320e+00
1.939999999999999947e+00
3.199999999999970091e-01
-1.120000000000000107e+00
-1.840000000000000080e+00
-2.379999999999999893e+00
-2.919999999999999929e+00
-2.200000000000000178e+00
-2.919999999999999929e+00
-3.279999999999999805e+00
-3.640000000000000124e+00
-4.000000000000000000e+00
-4.180000000000009486e+00
-4.360000000000000320e+00
-4.360000000000000320e+00
-4.540000000000000036e+00
1.760000000000000009e+00
2.030000000000000071e+01
8.240000000000000213e+00
2.299999999999999822e+00
-4.900000000000000355e+00
-5.080000000000009841e+00
-5.440000000000000391e+00
-5.440000000000000391e+00
-5.620000000000000107e+00
-5.620000000000000107e+00
-5.799999999999999822e+00
-5.799999999999999822e+00
-5.799999999999999822e+00
2.120000000000000107e+00
2.083999999999999986e+01
5.000000000000000000e-01
-3.459999999999999964e+00
-3.459999999999999964e+00
-4.180000000000009486e+00
-4.719999999999999751e+00
-5.080000000000009841e+00
-5.259999999999999787e+00
-5.620000000000000107e+00
-5.799999999999999822e+00
-5.980000000000000426e+00
-6.160000000000000142e+00
-6.339999999999999858e+00
-6.519999999999999574e+00
-6.879999999999999893e+00
-6.879999999999999893e+00
-4.719999999999999751e+00
3.560000000000000053e+00
1.364000000000000057e+01
1.382000000000000028e+01
2.479999999999999982e+00
-1.120000000000000107e+00
-3.279999999999999805e+00
-4.360000000000000320e+00
-4.900000000000000355e+00
-5.440000000000000391e+00
-5.799999999999999822e+00
-5.980000000000000426e+00
-6.160000000000000142e+00
-6.339999999999999858e+00
-6.339999999999999858e+00
-6.519999999999999574e+00
-6.519999999999999574e+00
-6.879999999999999893e+00
-5.620000000000000107e+00
-6.339999999999999858e+00
-6.519999999999999574e+00
-6.519999999999999574e+00
1.346000000000000085e+01
1.382000000000000028e+01
1.476499999999999879e+01
1.148000000000000043e+01
-1.900000000000000133e+00
-4.060000000000003162e+00
-2.334999999999999964e+00
-4.180000000000009486e+00
-5.080000000000009841e+00
-5.620000000000000107e+00
-4.900000000000000355e+00
-1.120000000000000107e+00
-5.259999999999999787e+00
-5.620000000000000107e+00
-5.799999999999999822e+00
-5.799999999999999822e+00
-5.980000000000000426e+00
3.199999999999970091e-01
-4.719999999999999751e+00
-5.259999999999999787e+00
-1.300000000000000044e+00
6.980000000000000426e+00
1.687999999999999901e+01
1.201999999999999957e+01
-3.999999999999989675e-01
-2.200000000000000178e+00
-3.459999999999999964e+00
-4.225000000000006750e+00
-4.360000000000000320e+00
-4.719999999999999751e+00
-4.719999999999999751e+00
-5.080000000000009841e+00
-5.080000000000009841e+00
-5.259999999999999787e+00
-5.259999999999999787e+00
-5.259999999999999787e+00
-5.620000000000000107e+00
-5.620000000000000107e+00
-2.020000000000000018e+00
6.620000000000000107e+00
1.705999999999999872e+01
1.130000000000000071e+01
2.660000000000000142e+00
-5.800000000000049560e-01
-2.200000000000000178e+00
-4.180000000000009486e+00
-4.540000000000000036e+00
-4.900000000000000355e+00
-5.259999999999999787e+00
-5.259999999999999787e+00
-5.799999999999999822e+00
-6.160000000000000142e+00
-6.339999999999999858e+00
-6.339999999999999858e+00
-6.519999999999999574e+00
-6.879999999999999893e+00
-6.879999999999999893e+00
3.650000000000000355e+00
1.435999999999999943e+01
1.238000000000000078e+01
-1.300000000000000044e+00
-3.100000000000000089e+00
-5.080000000000009841e+00
-5.620000000000000107e+00
-5.799999999999999822e+00
-6.519999999999999574e+00
-6.879999999999999893e+00
-7.059999999999999609e+00
-7.240000000000000213e+00
-7.419999999999999929e+00
-7.599999999999999645e+00
-7.780000000000000249e+00
-7.780000000000000249e+00
-7.959999999999999964e+00
4.280000000000000249e+00
1.543999999999999950e+01
1.022000000000000064e+01
-4.900000000000000355e+00
-5.620000000000000107e+00
-5.799999999999999822e+00
-6.160000000000000142e+00
-6.339999999999999858e+00
-5.620000000000000107e+00
1.003999999999999915e+01
2.930000000000000071e+01
3.884000000000000341e+01
3.073999999999999844e+01
2.498000000000000043e+01
1.561999999999999922e+01
1.111999999999999922e+01
8.060000000000000497e+00
5.360000000000000320e+00
8.240000000000000213e+00
2.516000000000000014e+01
1.921999999999999886e+01
9.679999999999999716e+00
3.740000000000000213e+00
2.479999999999999982e+00
1.760000000000000009e+00
-3.999999999999909878e-02
-2.020000000000000018e+00
-2.379999999999999893e+00
9.679999999999999716e+00
1.976000000000000156e+01
1.400000000000000000e+01
5.540000000000000036e+00
2.660000000000000142e+00
-2.199999999999990019e-01
-1.479999999999999982e+00
-2.020000000000000018e+00
-2.379999999999999893e+00
-2.919999999999999929e+00
-3.100000000000000089e+00
-3.459999999999999964e+00
-3.819999999999999840e+00
-4.000000000000000000e+00
-4.180000000000009486e+00
-4.360000000000000320e+00
1.953500000000000014e+01
3.379999999999999893e+00
5.000000000000000000e-01
-1.120000000000000107e+00
-2.200000000000000178e+00
-2.919999999999999929e+00
-4.000000000000000000e+00
-4.180000000000009486e+00
-4.360000000000000320e+00
-4.540000000000000036e+00
-4.900000000000000355e+00
-4.900000000000000355e+00
-5.080000000000009841e+00
-5.259999999999999787e+00
-5.440000000000000391e+00
-5.620000000000000107e+00
-5.665000000000000036e+00
1.148000000000000043e+01
2.101999999999999957e+01
1.399999999999999911e+00
3.199999999999970091e-01
-7.599999999999978995e-01
4.639999999999999680e+00
5.000000000000000000e-01
-2.560000000000000053e+00
-3.459999999999999964e+00
-4.000000000000000000e+00
-4.360000000000000320e+00
-4.900000000000000355e+00
-5.080000000000009841e+00
-5.296000000000000263e+00
-5.620000000000000107e+00
-4.180000000000009486e+00
2.282000000000000384e+01
2.623999999999999844e+01
2.803999999999999915e+01
3.379999999999999893e+00
1.238000000000000078e+01
1.399999999999989586e-01
-2.199999999999990019e-01
-1.479999999999999982e+00
-1.659999999999999920e+00
3.740000000000000213e+00
5.000000000000000000e-01
-9.400000000000050537e-01
-1.659999999999999920e+00
-1.479999999999999982e+00
-1.780000000000000027e+00
-5.800000000000049560e-01
-1.840000000000000080e+00
-2.200000000000000178e+00
-2.379999999999999893e+00
1.040000000000000036e+00
9.140000000000000568e+00
1.867999999999999972e+01
1.598000000000000043e+01
2.839999999999999858e+00
1.219999999999999973e+00
8.599999999999989875e-01
-1.239999999999999991e+00
-1.659999999999999920e+00
-3.999999999999989675e-01
-1.300000000000000044e+00
-1.479999999999999982e+00
-1.840000000000000080e+00
-1.840000000000000080e+00
-2.020000000000000018e+00
-2.020000000000000018e+00
5.900000000000000355e+00
1.525999999999999979e+01
2.300000000000000000e+01
7.879999999999999893e+00
3.379999999999999893e+00
1.219999999999999973e+00
-1.300000000000000044e+00
-2.020000000000000018e+00
-2.560000000000000053e+00
-2.379999999999999893e+00
-2.919999999999999929e+00
-3.279999999999999805e+00
-2.919999999999999929e+00
-3.279999999999999805e+00
-3.459999999999999964e+00
-3.640000000000000124e+00
-3.640000000000000124e+00
-3.819999999999999840e+00
-4.000000000000000000e+00
-4.000000000000000000e+00
-4.180000000000009486e+00
-4.180000000000009486e+00
1.939999999999999947e+00
1.022000000000000064e+01
2.030000000000000071e+01
3.020000000000000018e+00
6.800000000000029354e-01
-9.400000000000050537e-01
-2.560000000000000053e+00
-3.459999999999999964e+00
-3.549999999999987610e-01
1.796000000000000085e+01
8.599999999999999645e+00
-4.900000000000000355e+00
-5.080000000000009841e+00
-1.300000000000000044e+00
-2.740000000000000213e+00
-3.100000000000000089e+00
-2.919999999999999929e+00
3.199999999999970091e-01
-1.840000000000000080e+00
-2.379999999999999893e+00
4.459999999999999964e+00
1.040000000000000036e+00
-2.199999999999990019e-01
-7.599999999999978995e-01
-3.999999999999989675e-01
-7.599999999999978995e-01
-5.800000000000049560e-01
7.400000000000016565e-01
6.440000000000000391e+00
2.317999999999999972e+01
7.339999999999999858e+00
4.459999999999999964e+00
3.200000000000000178e+00
1.580000000000000071e+00
6.800000000000029354e-01
1.849999999999997480e-01
1.159999999999999920e+00
-2.199999999999990019e-01
-2.199999999999990019e-01
-3.999999999999989675e-01
-3.999999999999989675e-01
-5.800000000000049560e-01
-7.599999999999978995e-01
-1.120000000000000107e+00
-1.120000000000000107e+00
6.259999999999999787e+00
-1.120000000000000107e+00
-1.300000000000000044e+00
-1.659999999999999920e+00
-2.020000000000000018e+00
-2.020000000000000018e+00
-2.200000000000000178e+00
1.669999999999999929e+00
3.199999999999970091e-01
1.561999999999999922e+01
3.200000000000000178e+00
2.660000000000000142e+00
1.399999999999999911e+00
5.000000000000096034e-02
-1.719999999999999973e+00
-2.020000000000000018e+00
-2.379999999999999893e+00
-1.300000000000000044e+00
-1.479999999999999982e+00
-1.479999999999999982e+00
1.459999999999999964e+00
1.040000000000000036e+00
6.800000000000029354e-01
1.639999999999999902e+00
1.040000000000000036e+00
5.000000000000000000e-01
3.560000000000000053e+00
1.219999999999999973e+00
1.399999999999999911e+00
8.599999999999989875e-01
5.000000000000000000e-01
6.980000000000000426e+00
2.654000000000000270e+01
1.453999999999999915e+01
5.134999999999999787e+00
5.360000000000000320e+00
5.000000000000000000e+00
5.179999999999999716e+00
5.000000000000000000e+00
5.000000000000000000e+00
5.000000000000000000e+00
5.179999999999999716e+00
1.166000000000000014e+01
1.903999999999999915e+01
2.678000000000000114e+01
9.859999999999999432e+00
7.879999999999999893e+00
3.956000000000000405e+00
2.475499999999999901e+01
-2.092000000000000082e+00
-2.020000000000000018e+00
-3.999999999999989675e-01
7.160000000000000142e+00
1.705999999999999872e+01
8.599999999999999645e+00
6.080000000000000071e+00
3.200000000000000178e+00
1.399999999999999911e+00
6.800000000000029354e-01
1.400000000000010125e-01
-5.800000000000049560e-01
-1.120000000000000107e+00
-1.120000000000000107e+00
-1.300000000000000044e+00
-1.479999999999999982e+00
-1.659999999999999920e+00
-3.999999999999989675e-01
-1.300000000000000044e+00
-1.840000000000000080e+00
-2.020000000000000018e+00
-2.200000000000000178e+00
7.879999999999999893e+00
1.796000000000000085e+01
2.066000000000000014e+01
4.639999999999999680e+00
2.660000000000000142e+00
1.399999999999999911e+00
6.800000000000029354e-01
1.400000000000010125e-01
-2.199999999999990019e-01
-5.800000000000049560e-01
-9.400000000000050537e-01
-1.120000000000000107e+00
-1.300000000000000044e+00
-1.479999999999999982e+00
-1.840000000000000080e+00
-2.020000000000000018e+00
-2.200000000000000178e+00
-2.379999999999999893e+00
-2.379999999999999893e+00
-2.560000000000000053e+00
-5.800000000000049560e-01
7.339999999999999858e+00
1.939999999999999858e+01
8.060000000000000497e+00
2.120000000000000107e+00
1.040000000000000036e+00
3.199999999999970091e-01
-1.300000000000000044e+00
-1.479999999999999982e+00
-1.840000000000000080e+00
-2.200000000000000178e+00
-2.379999999999999893e+00
-2.740000000000000213e+00
-2.740000000000000213e+00
-3.504999999999999893e+00
-4.000000000000000000e+00
-9.400000000000050537e-01
2.884999999999999787e+00
1.040000000000000036e+00
-2.199999999999990019e-01
-9.400000000000050537e-01
-1.479999999999999982e+00
-1.840000000000000080e+00
3.200000000000000178e+00
-1.120000000000000107e+00
-2.020000000000000018e+00
-2.020000000000000018e+00
-2.560000000000000053e+00
-1.840000000000000080e+00
-3.100000000000000089e+00
-3.459999999999999964e+00
-3.640000000000000124e+00
1.040000000000000036e+00
1.022000000000000064e+01
2.048000000000000043e+01
1.400000000000000000e+01
6.259999999999999787e+00
3.919999999999999929e+00
4.099999999999999645e+00
1.939999999999999947e+00
6.800000000000029354e-01
1.939999999999999947e+00
6.620000000000000107e+00
2.120000000000000107e+00
1.219999999999999973e+00
5.000000000000000000e-01
1.400000000000010125e-01
-2.199999999999990019e-01
-3.999999999999989675e-01
-7.599999999999978995e-01
-9.400000000000050537e-01
-1.120000000000000107e+00
-1.300000000000000044e+00
-1.300000000000000044e+00
3.200000000000000178e+00
1.166000000000000014e+01
2.137999999999999901e+01
1.417999999999999972e+01
6.980000000000000426e+00
3.740000000000000213e+00
2.120000000000000107e+00
1.040000000000000036e+00
3.199999999999970091e-01
-2.199999999999990019e-01
-5.800000000000049560e-01
-9.400000000000050537e-01
-1.300000000000000044e+00
-1.659999999999999920e+00
-1.840000000000000080e+00
-2.020000000000000018e+00
-2.200000000000000178e+00
-2.379999999999999893e+00
-2.740000000000000213e+00
-2.740000000000000213e+00
-2.919999999999999929e+00
-3.100000000000000089e+00
-3.100000000000000089e+00
-3.279999999999999805e+00
1.580000000000000071e+00
1.040000000000000036e+01
2.030000000000000071e+01
1.274000000000000021e+01
5.540000000000000036e+00
2.660000000000000142e+00
1.219999999999999973e+00
-2.199999999999990019e-01
-9.400000000000050537e-01
-1.479999999999999982e+00
-2.020000000000000018e+00
-2.200000000000000178e+00
-2.560000000000000053e+00
-2.740000000000000213e+00
-2.919999999999999929e+00
-3.279999999999999805e+00
-3.640000000000000124e+00
-3.640000000000000124e+00
-3.819999999999999840e+00
-4.000000000000000000e+00
-4.000000000000000000e+00
-4.360000000000000320e+00
3.740000000000000213e+00
1.256000000000000050e+01
2.210000000000000142e+01
9.500000000000000000e+00
3.919999999999999929e+00
1.399999999999999911e+00
1.219999999999999973e+00
1.399999999999999689e+00
4.504999999999999893e+00
2.660000000000000142e+00
5.000000000000000000e-01
-3.999999999999989675e-01
-1.300000000000000044e+00
-3.999999999999909878e-02
1.508000000000000007e+01
7.160000000000000142e+00
3.740000000000000213e+00
2.120000000000000107e+00
1.040000000000000036e+00
3.919999999999999929e+00
1.939999999999999947e+00
6.800000000000029354e-01
1.399999999999999911e+00
1.400000000000010125e-01
7.879999999999999893e+00
1.687999999999999901e+01
2.587999999999999901e+01
1.111999999999999922e+01
8.060000000000000497e+00
3.919999999999999929e+00
2.299999999999999822e+00
1.399999999999999911e+00
1.219999999999999973e+00
3.199999999999970091e-01
-2.199999999999990019e-01
3.560000000000000053e+00
6.800000000000029354e-01
8.599999999999989875e-01
-2.199999999999990019e-01
-5.800000000000049560e-01
4.459999999999999964e+00
5.000000000000000000e+00
1.355000000000000071e+01
7.339999999999999858e+00
3.740000000000000213e+00
1.939999999999999947e+00
1.939999999999999947e+00
3.199999999999970091e-01
-5.800000000000049560e-01
-1.300000000000000044e+00
-1.840000000000000080e+00
-2.020000000000000018e+00
-2.200000000000000178e+00
1.399999999999999911e+00
-2.199999999999990019e-01
-9.400000000000050537e-01
-1.840000000000000080e+00
-2.020000000000000018e+00
1.939999999999999947e+00
8.599999999999999645e+00
1.742000000000000171e+01
2.587999999999999901e+01
1.040000000000000036e+01
4.820000000000000284e+00
2.479999999999999982e+00
1.219999999999999973e+00
5.000000000000000000e-01
1.400000000000010125e-01
-3.999999999999989675e-01
-7.599999999999978995e-01
-9.400000000000050537e-01
-1.120000000000000107e+00
-1.479999999999999982e+00
-1.659999999999999920e+00
-1.840000000000000080e+00
-2.020000000000000018e+00
-2.200000000000000178e+00
-2.200000000000000178e+00
-2.379999999999999893e+00
-2.560000000000000053e+00
-2.200000000000000178e+00
5.900000000000000355e+00
1.580000000000000071e+01
2.444000000000000128e+01
4.459999999999999964e+00
2.299999999999999822e+00
-3.999999999999989675e-01
-1.120000000000000107e+00
-1.120000000000000107e+00
-1.479999999999999982e+00
-1.840000000000000080e+00
-2.020000000000000018e+00
-2.200000000000000178e+00
-2.560000000000000053e+00
-2.740000000000000213e+00
-2.919999999999999929e+00
-3.100000000000000089e+00
-3.100000000000000089e+00
-3.459999999999999964e+00
-3.459999999999999964e+00
-3.640000000000000124e+00
1.400000000000010125e-01
8.240000000000000213e+00
1.867999999999999972e+01
1.580000000000000071e+01
6.080000000000000071e+00
2.660000000000000142e+00
-3.999999999999989675e-01
-1.120000000000000107e+00
-2.200000000000000178e+00
-2.560000000000000053e+00
-2.919999999999999929e+00
-3.459999999999999964e+00
-3.459999999999999964e+00
-3.640000000000000124e+00
-4.000000000000000000e+00
-4.180000000000009486e+00
-4.360000000000000320e+00
-2.740000000000000213e+00
1.400000000000010125e-01
8.419999999999999929e+00
1.472000000000000064e+01
2.120000000000000107e+00
-3.999999999999989675e-01
-1.479999999999999982e+00
5.000000000000000000e-01
-2.020000000000000018e+00
-2.379999999999999893e+00
-2.919999999999999929e+00
-3.279999999999999805e+00
-3.100000000000000089e+00
-3.459999999999999964e+00
3.307999999999999829e+01
3.037999999999999901e+01
1.669999999999999929e+01
6.530000000000000249e+00
4.280000000000000249e+00
2.479999999999999982e+00
2.299999999999999822e+00
9.140000000000000568e+00
1.651999999999999957e+01
2.533999999999999986e+01
1.382000000000000028e+01
5.540000000000000036e+00
4.280000000000000249e+00
3.379999999999999893e+00
2.660000000000000142e+00
2.299999999999999822e+00
1.939999999999999947e+00
1.760000000000000009e+00
1.399999999999999911e+00
1.219999999999999973e+00
1.040000000000000036e+00
8.599999999999989875e-01
6.800000000000029354e-01
5.000000000000000000e-01
5.000000000000000000e-01
3.199999999999970091e-01
1.400000000000010125e-01
1.400000000000010125e-01
1.400000000000010125e-01
1.525999999999999979e+01
2.444000000000000128e+01
1.256000000000000050e+01
7.160000000000000142e+00
4.280000000000000249e+00
3.020000000000000018e+00
2.120000000000000107e+00
1.399999999999999911e+00
1.040000000000000036e+00
6.800000000000029354e-01
5.000000000000000000e-01
1.400000000000010125e-01
-3.999999999999909878e-02
-2.199999999999990019e-01
-5.800000000000049560e-01
-7.599999999999978995e-01
-9.400000000000050537e-01
-9.400000000000050537e-01
8.779999999999999361e+00
3.379999999999999893e+00
1.957999999999999829e+01
4.459999999999999964e+00
4.280000000000000249e+00
4.280000000000000249e+00
4.099999999999999645e+00
8.060000000000000497e+00
1.453999999999999915e+01
4.159999999999999254e+00
2.120000000000000107e+00
1.580000000000000071e+00
1.040000000000000036e+00
6.800000000000029354e-01
5.000000000000000000e-01
3.199999999999970091e-01
-3.999999999999989675e-01
-5.800000000000049560e-01
-7.599999999999978995e-01
-9.400000000000050537e-01
-1.120000000000000107e+00
-1.300000000000000044e+00
-1.479999999999999760e+00
-1.479999999999999982e+00
2.132000000000000028e+01
1.435999999999999943e+01
6.620000000000000107e+00
3.560000000000000053e+00
1.939999999999999947e+00
1.400000000000010125e-01
-5.800000000000049560e-01
-1.120000000000000107e+00
-1.840000000000000080e+00
-2.020000000000000018e+00
-2.200000000000000178e+00
-2.560000000000000053e+00
-2.919999999999999929e+00
-3.100000000000000089e+00
-3.595000000000000195e+00
-3.640000000000000124e+00
5.299999999999999822e+00
4.459999999999999964e+00
1.274000000000000021e+01
2.606000000000000227e+01
1.166000000000000014e+01
5.360000000000000320e+00
4.280000000000000249e+00
3.560000000000000053e+00
3.020000000000000018e+00
2.120000000000000107e+00
1.939999999999999947e+00
1.760000000000000009e+00
1.399999999999999911e+00
1.219999999999999973e+00
1.040000000000000036e+00
6.800000000000029354e-01
6.800000000000029354e-01
3.199999999999970091e-01
1.400000000000010125e-01
1.400000000000010125e-01
-2.199999999999990019e-01
1.939999999999999947e+00
9.500000000000000000e+00
1.903999999999999915e+01
2.083999999999999986e+01
8.419999999999999929e+00
4.639999999999999680e+00
2.839999999999999858e+00
1.760000000000000009e+00
1.040000000000000036e+00
5.000000000000000000e-01
1.400000000000010125e-01
-4.900000000000019895e-01
-1.120000000000000107e+00
-1.120000000000000107e+00
-1.300000000000000044e+00
-1.479999999999999760e+00
-1.659999999999999920e+00
-1.840000000000000080e+00
-2.020000000000000018e+00
5.000000000000000000e+00
1.453999999999999915e+01
-1.840000000000000080e+00
-2.379999999999999893e+00
-2.740000000000000213e+00
-2.020000000000000018e+00
-1.840000000000000080e+00
-2.200000000000000178e+00
-2.379999999999999893e+00
-2.560000000000000053e+00
-2.560000000000000053e+00
-2.740000000000000213e+00
-3.999999999999989675e-01
1.778000000000000114e+01
1.957999999999999829e+01
6.440000000000000391e+00
2.839999999999999858e+00
1.040000000000000036e+00
1.400000000000010125e-01
-5.800000000000049560e-01
-1.120000000000000107e+00
-1.479999999999999982e+00
-2.020000000000000018e+00
-2.200000000000000178e+00
-2.200000000000000178e+00
-2.379999999999999893e+00
-2.560000000000000053e+00
-2.740000000000000213e+00
-2.740000000000000213e+00
-2.740000000000000213e+00
-2.919999999999999929e+00
-2.919999999999999929e+00
3.740000000000000213e+00
1.309999999999999964e+01
2.228000000000000114e+01
9.859999999999999432e+00
1.760000000000000009e+00
3.199999999999970091e-01
-5.800000000000049560e-01
-1.300000000000000044e+00
-1.659999999999999920e+00
-2.020000000000000018e+00
-2.200000000000000178e+00
-2.379999999999999893e+00
-2.560000000000000053e+00
-2.740000000000000213e+00
-2.740000000000000213e+00
-2.919999999999999929e+00
-2.919999999999999929e+00
-3.100000000000000089e+00
-3.100000000000000089e+00
-3.279999999999999805e+00
-3.640000000000000124e+00
-3.640000000000000124e+00
3.379999999999999893e+00
1.274000000000000021e+01
2.228000000000000114e+01
9.500000000000000000e+00
1.219999999999999973e+00
-1.120000000000000107e+00
-1.840000000000000080e+00
-2.200000000000000178e+00
-2.919999999999999929e+00
-2.919999999999999929e+00
-3.100000000000000089e+00
-3.459999999999999964e+00
-3.640000000000000124e+00
-3.819999999999999840e+00
-4.000000000000000000e+00
-4.000000000000000000e+00
2.660000000000000142e+00
6.440000000000000391e+00
1.580000000000000071e+01
2.498000000000000043e+01
1.148000000000000043e+01
5.000000000000000000e+00
2.660000000000000142e+00
6.800000000000029354e-01
-3.999999999999909878e-02
-9.400000000000050537e-01
3.740000000000000213e+00
3.199999999999970091e-01
3.199999999999970091e-01
1.400000000000010125e-01
1.400000000000010125e-01
5.719999999999999751e+00
1.435999999999999943e+01
2.353999999999999915e+01
1.256000000000000050e+01
3.424999999999999822e+00
8.599999999999989875e-01
6.800000000000029354e-01
5.000000000000000000e-01
5.000000000000000000e-01
3.199999999999970091e-01
3.199999999999970091e-01
1.400000000000010125e-01
-2.199999999999990019e-01
-2.199999999999990019e-01
5.000000000000000000e+00
1.364000000000000057e+01
2.300000000000000000e+01
1.309999999999999964e+01
6.980000000000000426e+00
4.280000000000000249e+00
2.839999999999999858e+00
2.120000000000000107e+00
1.399999999999999911e+00
1.040000000000000036e+00
6.800000000000029354e-01
3.199999999999970091e-01
1.400000000000010125e-01
-2.199999999999990019e-01
-5.800000000000049560e-01
-7.599999999999978995e-01
-1.120000000000000107e+00
-1.209999999999999964e+00
-1.120000000000000107e+00
2.299999999999999822e+00
2.299999999999999822e+00
5.000000000000000000e-01
5.000000000000000000e-01
-2.199999999999990019e-01
-7.599999999999978995e-01
-1.300000000000000044e+00
-1.659999999999999920e+00
-2.020000000000000018e+00
-2.020000000000000018e+00
-2.200000000000000178e+00
4.730000000000000426e+00
1.040000000000000036e+00
5.000000000000000000e-01
8.240000000000000213e+00
1.219999999999999929e+01
5.360000000000000320e+00
3.020000000000000018e+00
1.939999999999999947e+00
1.939999999999999947e+00
1.040000000000000036e+00
1.399999999999999911e+00
6.800000000000029354e-01
3.199999999999970091e-01
1.219999999999999973e+00
3.199999999999970091e-01
-3.999999999999909878e-02
-2.199999999999990019e-01
2.120000000000000107e+00
1.022000000000000064e+01
1.976000000000000156e+01
1.957999999999999829e+01
2.120000000000000107e+00
2.120000000000000107e+00
1.040000000000000036e+00
-5.800000000000049560e-01
-2.020000000000000018e+00
-2.020000000000000018e+00
3.199999999999970091e-01
5.000000000000000000e-01
3.199999999999970091e-01
-2.199999999999990019e-01
-5.800000000000049560e-01
-5.800000000000049560e-01
-9.400000000000050537e-01
-1.120000000000000107e+00
5.900000000000000355e+00
1.490000000000000036e+01
2.444000000000000128e+01
1.183999999999999986e+01
6.980000000000000426e+00
4.459999999999999964e+00
3.200000000000000178e+00
2.120000000000000107e+00
1.760000000000000009e+00
1.219999999999999973e+00
3.919999999999999929e+00
2.479999999999999982e+00
1.580000000000000071e+00
2.120000000000000107e+00
1.040000000000000036e+00
1.219999999999999973e+00
5.000000000000000000e-01
1.400000000000010125e-01
1.148000000000000043e+01
2.299999999999999822e+00
1.939999999999999947e+00
2.120000000000000107e+00
2.839999999999999858e+00
1.939999999999999947e+00
1.219999999999999973e+00
8.599999999999989875e-01
5.000000000000000000e-01
5.000000000000000000e-01
3.199999999999970091e-01
1.400000000000010125e-01
6.080000000000000071e+00
1.435999999999999943e+01
1.453999999999999915e+01
8.419999999999999929e+00
3.379999999999999893e+00
2.660000000000000142e+00
2.120000000000000107e+00
3.199999999999970091e-01
-3.999999999999989675e-01
-3.999999999999989675e-01
-7.599999999999978995e-01
-1.300000000000000044e+00
-1.479999999999999982e+00
1.003999999999999915e+01
1.337000000000000099e+01
1.219999999999999973e+00
5.000000000000000000e-01
3.199999999999970091e-01
-5.800000000000049560e-01
-7.599999999999978995e-01
-1.300000000000000044e+00
-1.479999999999999982e+00
-1.840000000000000080e+00
-2.020000000000000018e+00
-2.200000000000000178e+00
-2.740000000000000213e+00
-1.120000000000000107e+00
7.519999999999999574e+00
2.119999999999999929e+01
2.407999999999999829e+01
9.679999999999999716e+00
3.379999999999999893e+00
2.660000000000000142e+00
5.000000000000000000e-01
5.660000000000000142e+00
1.939999999999999947e+00
7.160000000000000142e+00
6.620000000000000107e+00
3.379999999999999893e+00
1.580000000000000071e+00
3.919999999999999929e+00
2.479999999999999982e+00
5.179999999999999716e+00
2.168000000000000327e+01
2.912000000000000099e+01
1.201999999999999957e+01
6.980000000000000426e+00
7.339999999999999858e+00
4.280000000000000249e+00
3.020000000000000018e+00
2.120000000000000107e+00
3.560000000000000053e+00
8.000000000000002665e-01
-6.400000000000026779e-01
-1.479999999999999982e+00
-2.020000000000000018e+00
-2.379999999999999893e+00
-2.740000000000000213e+00
-2.919999999999999929e+00
-2.919999999999999929e+00
-5.800000000000049560e-01
-2.020000000000000018e+00
-1.479999999999999982e+00
-9.400000000000050537e-01
-2.020000000000000018e+00
5.900000000000000355e+00
1.309999999999999964e+01
2.210000000000000142e+01
1.796000000000000085e+01
7.879999999999999893e+00
4.280000000000000249e+00
2.479999999999999982e+00
5.000000000000000000e+00
2.660000000000000142e+00
1.399999999999999911e+00
2.120000000000000107e+00
1.760000000000000009e+00
1.760000000000000009e+00
1.219999999999999973e+00
1.400000000000010125e-01
-5.800000000000049560e-01
-9.400000000000050537e-01
-1.300000000000000044e+00
-1.479999999999999982e+00
-1.840000000000000080e+00
-2.020000000000000018e+00
-2.200000000000000178e+00
-2.560000000000000053e+00
-2.740000000000000213e+00
1.040000000000000036e+00
9.679999999999999716e+00
1.976000000000000156e+01
1.778000000000000114e+01
7.879999999999999893e+00
4.280000000000000249e+00
2.479999999999999982e+00
1.219999999999999973e+00
5.000000000000000000e-01
-2.199999999999990019e-01
-5.800000000000049560e-01
-1.120000000000000107e+00
-1.479999999999999982e+00
-1.840000000000000080e+00
-2.200000000000000178e+00
-2.379999999999999893e+00
-2.740000000000000213e+00
-2.919999999999999929e+00
-3.100000000000000089e+00
-3.459999999999999964e+00
-3.640000000000000124e+00
-4.000000000000000000e+00
-4.180000000000009486e+00
-4.180000000000009486e+00
-3.999999999999989675e-01
8.240000000000000213e+00
1.867999999999999972e+01
1.561999999999999922e+01
2.839999999999999858e+00
1.040000000000000036e+00
-2.199999999999990019e-01
-1.120000000000000107e+00
-1.479999999999999982e+00
-2.020000000000000018e+00
-2.560000000000000053e+00
-2.919999999999999929e+00
-3.100000000000000089e+00
-3.459999999999999964e+00
-4.000000000000000000e+00
-4.000000000000000000e+00
-4.180000000000009486e+00
-4.360000000000000320e+00
-4.360000000000000320e+00
-4.719999999999999751e+00
-5.259999999999999787e+00
-3.999999999999989675e-01
8.419999999999999929e+00
1.867999999999999972e+01
3.019999999999999929e+01
1.850000000000000000e+01
4.099999999999999645e+00
1.939999999999999947e+00
7.339999999999999858e+00
2.120000000000000107e+00
3.199999999999970091e-01
-5.800000000000049560e-01
-1.300000000000000044e+00
-1.840000000000000080e+00
6.800000000000029354e-01
-1.479999999999999982e+00
-2.740000000000000213e+00
-2.560000000000000053e+00
-2.919999999999999929e+00
-3.100000000000000089e+00
-3.100000000000000089e+00
-3.459999999999999964e+00
3.379999999999999893e+00
1.256000000000000050e+01
2.264000000000000057e+01
1.148000000000000043e+01
4.639999999999999680e+00
5.000000000000000000e-01
-5.800000000000049560e-01
-1.120000000000000107e+00
-1.659999999999999920e+00
-2.200000000000000178e+00
-2.379999999999999893e+00
-2.740000000000000213e+00
-2.919999999999999929e+00
-3.100000000000000089e+00
-3.100000000000000089e+00
-3.459999999999999964e+00
-3.640000000000000124e+00
-4.000000000000000000e+00
-4.000000000000000000e+00
-4.000000000000000000e+00
-4.180000000000009486e+00
-4.180000000000009486e+00
-4.360000000000000320e+00
2.660000000000000142e+00
1.219999999999999929e+01
2.192000000000000171e+01
1.093999999999999950e+01
3.919999999999999929e+00
1.399999999999999911e+00
-2.199999999999990019e-01
-1.120000000000000107e+00
-2.020000000000000018e+00
-2.379999999999999893e+00
-2.919999999999999929e+00
-3.100000000000000089e+00
-3.459999999999999964e+00
-4.000000000000000000e+00
-4.000000000000000000e+00
-4.180000000000009486e+00
-4.360000000000000320e+00
-4.540000000000000036e+00
-4.540000000000000036e+00
-4.719999999999999751e+00
-4.719999999999999751e+00
-4.900000000000000355e+00
-4.900000000000000355e+00
-5.080000000000009841e+00
1.939999999999999947e+00
1.148000000000000043e+01
2.155999999999999872e+01
1.003999999999999915e+01
3.379999999999999893e+00
6.800000000000029354e-01
-9.400000000000050537e-01
-2.020000000000000018e+00
-2.740000000000000213e+00
-3.100000000000000089e+00
-3.640000000000000124e+00
-4.000000000000000000e+00
-4.180000000000009486e+00
-4.360000000000000320e+00
-4.540000000000000036e+00
-4.719999999999999751e+00
-4.900000000000000355e+00
-4.900000000000000355e+00
-5.080000000000009841e+00
-5.259999999999999787e+00
-5.259999999999999787e+00
-5.440000000000000391e+00
-5.620000000000000107e+00
-5.620000000000000107e+00
1.399999999999999911e+00
1.796000000000000085e+01
2.587999999999999901e+01
1.309999999999999964e+01
4.820000000000000284e+00
2.120000000000000107e+00
1.400000000000010125e-01
-1.120000000000000107e+00
-2.020000000000000018e+00
-2.560000000000000053e+00
-2.919999999999999929e+00
-3.100000000000000089e+00
-3.640000000000000124e+00
-3.819999999999999840e+00
-4.000000000000000000e+00
-4.000000000000000000e+00
-4.180000000000009486e+00
-4.180000000000009486e+00
-4.180000000000009486e+00
-4.180000000000009486e+00
-4.360000000000000320e+00
-4.360000000000000320e+00
-4.360000000000000320e+00
4.459999999999999964e+00
1.651999999999999957e+01
2.462000000000000099e+01
8.960000000000000853e+00
3.560000000000000053e+00
1.399999999999999911e+00
-2.199999999999990019e-01
-1.120000000000000107e+00
-1.840000000000000080e+00
-2.200000000000000178e+00
-2.740000000000000213e+00
-2.919999999999999929e+00
-3.100000000000000089e+00
-3.459999999999999964e+00
-3.640000000000000124e+00
-3.640000000000000124e+00
-3.819999999999999840e+00
-4.000000000000000000e+00
-4.000000000000000000e+00
-4.000000000000000000e+00
-4.000000000000000000e+00
-4.180000000000009486e+00
-3.819999999999999840e+00
5.000000000000000000e+00
1.561999999999999922e+01
2.426000000000000156e+01
8.599999999999999645e+00
3.379999999999999893e+00
1.040000000000000036e+00
-3.999999999999989675e-01
-1.300000000000000044e+00
-2.020000000000000018e+00
-2.560000000000000053e+00
-2.919999999999999929e+00
-3.100000000000000089e+00
-3.459999999999999964e+00
-3.819999999999999840e+00
-4.000000000000000000e+00
-4.180000000000009486e+00
-4.360000000000000320e+00
-4.360000000000000320e+00
-4.540000000000000036e+00
-4.719999999999999751e+00
-4.719999999999999751e+00
-4.900000000000000355e+00
-4.900000000000000355e+00
-4.360000000000000320e+00
4.280000000000000249e+00
1.472000000000000064e+01
2.335999999999999943e+01
7.519999999999999574e+00
2.479999999999999982e+00
1.400000000000010125e-01
-1.300000000000000044e+00
-2.200000000000000178e+00
-3.100000000000000089e+00
-3.459999999999999964e+00
-4.000000000000000000e+00
-4.180000000000009486e+00
-4.360000000000000320e+00
-4.540000000000000036e+00
-4.900000000000000355e+00
-4.900000000000000355e+00
-5.080000000000009841e+00
-5.259999999999999787e+00
-5.259999999999999787e+00
-5.620000000000000107e+00
-5.620000000000000107e+00
-5.799999999999999822e+00
-5.259999999999999787e+00
3.560000000000000053e+00
1.417999999999999972e+01
6.980000000000000426e+00
2.660000000000000142e+00
-2.199999999999990019e-01
1.760000000000000009e+00
-7.599999999999978995e-01
-2.020000000000000018e+00
-2.740000000000000213e+00
-3.100000000000000089e+00
3.560000000000000053e+00
1.040000000000000036e+00
-8.499999999999902078e-02
-7.599999999999978995e-01
4.280000000000000249e+00
7.879999999999999893e+00
1.040000000000000036e+01
1.616000000000000014e+01
2.300000000000000000e+01
2.983999999999999986e+01
1.256000000000000050e+01
7.700000000000000178e+00
4.280000000000000249e+00
2.660000000000000142e+00
1.580000000000000071e+00
6.800000000000029354e-01
1.400000000000010125e-01
-3.999999999999989675e-01
-3.999999999999989675e-01
-9.400000000000050537e-01
1.400000000000010125e-01
-9.400000000000050537e-01
-1.840000000000000080e+00
-2.020000000000000018e+00
-2.200000000000000178e+00
-2.379999999999999893e+00
-2.560000000000000053e+00
-2.740000000000000213e+00
-2.379999999999999893e+00
5.360000000000000320e+00
1.598000000000000043e+01
2.498000000000000043e+01
8.599999999999999645e+00
3.740000000000000213e+00
1.400000000000010125e-01
-1.479999999999999982e+00
-2.200000000000000178e+00
-2.919999999999999929e+00
-3.459999999999999964e+00
-3.640000000000000124e+00
-4.000000000000000000e+00
-4.180000000000009486e+00
-4.360000000000000320e+00
-4.360000000000000320e+00
-4.540000000000000036e+00
-4.719999999999999751e+00
-4.719999999999999751e+00
8.599999999999999645e+00
1.939999999999999858e+01
4.099999999999999645e+00
1.040000000000000036e+00
-7.599999999999978995e-01
-2.020000000000000018e+00
-2.919999999999999929e+00
-4.000000000000000000e+00
-4.180000000000009486e+00
-4.540000000000000036e+00
-5.080000000000009841e+00
-5.080000000000009841e+00
-5.259999999999999787e+00
-5.440000000000000391e+00
-5.620000000000000107e+00
-5.799999999999999822e+00
1.399999999999999911e+00
-2.560000000000000053e+00
1.040000000000000036e+00
9.500000000000000000e+00
2.012000000000000099e+01
1.238000000000000078e+01
3.560000000000000053e+00
2.839999999999999858e+00
-2.199999999999990019e-01
-1.840000000000000080e+00
-2.740000000000000213e+00
-3.279999999999999805e+00
-3.819999999999999840e+00
-4.000000000000000000e+00
-4.360000000000000320e+00
-4.540000000000000036e+00
-4.719999999999999751e+00
-4.900000000000000355e+00
-4.900000000000000355e+00
-4.900000000000000355e+00
-4.719999999999999751e+00
-4.900000000000000355e+00
-5.080000000000009841e+00
-5.259999999999999787e+00
-2.379999999999999893e+00
-2.560000000000000053e+00
1.219999999999999973e+00
2.930000000000000071e+01
1.957999999999999829e+01
8.779999999999999361e+00
4.099999999999999645e+00
1.760000000000000009e+00
1.400000000000010125e-01
1.760000000000000009e+00
-3.999999999999909878e-02
2.299999999999999822e+00
-5.800000000000049560e-01
-1.239999999999999991e+00
-2.919999999999999929e+00
-3.279999999999999805e+00
4.100000000000000533e+00
1.483999999999999808e+01
4.820000000000000284e+00
1.760000000000000009e+00
1.400000000000010125e-01
-2.020000000000000018e+00
-2.560000000000000053e+00
-3.279999999999999805e+00
-3.640000000000000124e+00
-4.000000000000000000e+00
-4.000000000000000000e+00
-4.180000000000009486e+00
-4.360000000000000320e+00
-4.360000000000000320e+00
-4.540000000000000036e+00
-4.719999999999999751e+00
-4.900000000000000355e+00
-4.900000000000000355e+00
-5.080000000000009841e+00
-3.999999999999909878e-02
8.779999999999999361e+00
1.921999999999999886e+01
1.238000000000000078e+01
3.560000000000000053e+00
3.199999999999970091e-01
-1.479999999999999982e+00
-2.560000000000000053e+00
-3.459999999999999964e+00
-4.000000000000000000e+00
-4.540000000000000036e+00
-4.900000000000000355e+00
-5.080000000000009841e+00
-5.259999999999999787e+00
-4.000000000000000000e+00
-3.999999999999989675e-01
-3.999999999999909878e-02
-3.459999999999999964e+00
4.550000000000000711e+00
4.280000000000000249e+00
4.639999999999999680e+00
3.199999999999970091e-01
1.084999999999999742e+00
8.419999999999999929e+00
1.760000000000000009e+00
1.760000000000000009e+00
1.417999999999999972e+01
9.230000000000000426e+00
6.620000000000000107e+00
3.020000000000000018e+00
3.379999999999999893e+00
2.120000000000000107e+00
1.040000000000000036e+00
3.199999999999970091e-01
-3.999999999999909878e-02
-2.199999999999990019e-01
-3.999999999999989675e-01
-9.400000000000050537e-01
-1.120000000000000107e+00
-3.999999999999989675e-01
-1.479999999999999982e+00
-1.840000000000000080e+00
-2.800000000000000266e+00
-2.919999999999999929e+00
-3.279999999999999805e+00
4.099999999999999645e+00
1.327999999999999936e+01
-2.020000000000000018e+00
-2.020000000000000018e+00
-2.379999999999999893e+00
8.599999999999989875e-01
-2.379999999999999893e+00
-2.919999999999999929e+00
-3.100000000000000089e+00
-3.459999999999999964e+00
-3.459999999999999964e+00
-3.685000000000000053e+00
-1.165000000000000036e+00
-2.020000000000000018e+00
-2.560000000000000053e+00
-2.740000000000000213e+00
-3.100000000000000089e+00
-3.279999999999999805e+00
-3.459999999999999964e+00
-3.640000000000000124e+00
-3.640000000000000124e+00
-3.640000000000000124e+00
-3.819999999999999840e+00
-4.000000000000000000e+00
-4.000000000000000000e+00
2.479999999999999982e+00
1.130000000000000071e+01
2.155999999999999872e+01
1.309999999999999964e+01
5.000000000000000000e+00
1.939999999999999947e+00
3.199999999999970091e-01
-7.599999999999978995e-01
-1.479999999999999982e+00
-2.020000000000000018e+00
-2.379999999999999893e+00
-2.919999999999999929e+00
-3.279999999999999805e+00
-3.640000000000000124e+00
-3.819999999999999840e+00
-4.000000000000000000e+00
-4.000000000000000000e+00
-4.000000000000000000e+00
-4.180000000000009486e+00
-4.360000000000000320e+00
-4.360000000000000320e+00
-4.360000000000000320e+00
2.120000000000000107e+00
2.317999999999999972e+01
8.000000000000000000e+00
5.600000000000009415e-01
-2.200000000000000178e+00
-3.369999999999999662e+00
-4.000000000000000000e+00
-4.180000000000009486e+00
-4.360000000000000320e+00
-4.540000000000000036e+00
-4.540000000000000036e+00
-4.719999999999999751e+00
-4.360000000000000320e+00
5.000000000000000000e+00
1.417999999999999972e+01
2.317999999999999972e+01
8.240000000000000213e+00
1.399999999999999911e+00
-2.199999999999990019e-01
-2.020000000000000018e+00
-2.200000000000000178e+00
-2.020000000000000018e+00
-2.740000000000000213e+00
1.364000000000000057e+01
6.800000000000029354e-01
6.800000000000029354e-01
-1.120000000000000107e+00
-1.840000000000000080e+00
-2.020000000000000018e+00
-5.800000000000049560e-01
-9.400000000000050537e-01
-2.020000000000000018e+00
-1.479999999999999982e+00
7.160000000000000142e+00
1.598000000000000043e+01
2.498000000000000043e+01
1.003999999999999915e+01
5.540000000000000036e+00
1.399999999999999911e+00
-2.199999999999990019e-01
-9.999999999999907574e-02
-3.999999999999989675e-01
2.299999999999999822e+00
5.000000000000000000e-01
-2.199999999999990019e-01
-3.999999999999989675e-01
-7.599999999999978995e-01
-1.120000000000000107e+00
-1.300000000000000044e+00
