7.225000000000000000e+01
7.281999999999999318e+01
7.262999999999999545e+01
7.215999999999999659e+01
7.165000000000000568e+01
7.117000000000000171e+01
7.128000000000000114e+01
7.140000000000000568e+01
7.137000000000000455e+01
7.129000000000000625e+01
7.121999999999999886e+01
7.109999999999999432e+01
7.062999999999999545e+01
7.018000000000000682e+01
6.967000000000000171e+01
6.912999999999999545e+01
6.868000000000000682e+01
6.859000000000000341e+01
6.856000000000000227e+01
6.848999999999999488e+01
6.856000000000000227e+01
6.857999999999999829e+01
6.862999999999999545e+01
6.865000000000000568e+01
6.870000000000000284e+01
6.876000000000000512e+01
6.876000000000000512e+01
6.887999999999999545e+01
6.890000000000000568e+01
6.895000000000000284e+01
6.859000000000000341e+01
6.831999999999999318e+01
6.795999999999999375e+01
6.765999999999999659e+01
6.743999999999999773e+01
6.743999999999999773e+01
6.756999999999999318e+01
6.778000000000000114e+01
6.793000000000000682e+01
6.812999999999999545e+01
6.829000000000000625e+01
6.840000000000000568e+01
6.848999999999999488e+01
6.862999999999999545e+01
6.860999999999999943e+01
6.831000000000000227e+01
6.809000000000000341e+01
6.781999999999999318e+01
6.754999999999999716e+01
6.729999999999999716e+01
6.726000000000000512e+01
6.739000000000000057e+01
6.740999999999999659e+01
6.756999999999999318e+01
6.776999999999999602e+01
6.795999999999999375e+01
6.818000000000000682e+01
6.834000000000000341e+01
6.829000000000000625e+01
6.831999999999999318e+01
6.834000000000000341e+01
6.845000000000000284e+01
6.890000000000000568e+01
6.896999999999999886e+01
6.928000000000000114e+01
6.957999999999999829e+01
6.976000000000000512e+01
7.004999999999999716e+01
7.025000000000000000e+01
7.051999999999999602e+01
7.056999999999999318e+01
7.048000000000000398e+01
7.121999999999999886e+01
7.184999999999999432e+01
7.245000000000000284e+01
7.290000000000000568e+01
7.340000000000000568e+01
7.370999999999999375e+01
7.371999999999999886e+01
7.422333333333334338e+01
7.433923076923075257e+01
7.402066666666665640e+01
7.405799999999997851e+01
7.403333333333333144e+01
7.396066666666666833e+01
7.389266666666665628e+01
7.366266666666666652e+01
7.345533333333332848e+01
7.335200000000000387e+01
7.369666666666667254e+01
7.411733333333332041e+01
7.447199999999997999e+01
7.473799999999998533e+01
7.436799999999998079e+01
7.389571428571427703e+01
7.351266666666666083e+01
7.307400000000001228e+01
7.259399999999999409e+01
7.219866666666665367e+01
7.208133333333331905e+01
7.190466666666665674e+01
7.189733333333333576e+01
7.195800000000001262e+01
7.195142857142857906e+01
7.189066666666666094e+01
7.171733333333332894e+01
7.123999999999999488e+01
7.068000000000000682e+01
7.014400000000000546e+01
6.959333333333333371e+01
6.905533333333332280e+01
6.874333333333333940e+01
6.861000000000002785e+01
6.854266666666666197e+01
6.847266666666668300e+01
6.840599999999997749e+01
6.832199999999997431e+01
6.830066666666665753e+01
6.827733333333331700e+01
6.828400000000000603e+01
6.829399999999999693e+01
6.830666666666664355e+01
6.829399999999996851e+01
6.831333333333330415e+01
6.831799999999999784e+01
6.829533333333331768e+01
6.829399999999999693e+01
6.826866666666666106e+01
6.823466666666668345e+01
6.823071428571429919e+01
6.823933333333334872e+01
6.821466666666667322e+01
6.822466666666667834e+01
6.821200000000001751e+01
6.819666666666668675e+01
6.817400000000000659e+01
6.813733333333333064e+01
6.811200000000000898e+01
6.813799999999999102e+01
6.814133333333332132e+01
6.815599999999999170e+01
6.816799999999999216e+01
6.814133333333333553e+01
6.811333333333334394e+01
6.808866666666666845e+01
6.804733333333332723e+01
6.802333333333332632e+01
6.806533333333332791e+01
6.806799999999999784e+01
6.809266666666665913e+01
6.809600000000000364e+01
6.811733333333332041e+01
6.818800000000003081e+01
6.827785714285714391e+01
6.816400000000000148e+01
6.801466666666668459e+01
6.786733333333333462e+01
6.793333333333333712e+01
6.827266666666665174e+01
6.853666666666666174e+01
6.879200000000000159e+01
6.898533333333332962e+01
6.935933333333332484e+01
6.999666666666665549e+01
7.098266666666667390e+01
7.066000000000001080e+01
7.025533333333333985e+01
7.004200000000001580e+01
6.967666666666666231e+01
6.954533333333333189e+01
6.983866666666666845e+01
7.033733333333331927e+01
7.085599999999999454e+01
7.131999999999997897e+01
7.143066666666665299e+01
7.154333333333330813e+01
7.156733333333333746e+01
7.153866666666665708e+01
7.138466666666666072e+01
7.134266666666667334e+01
7.127266666666666595e+01
7.116400000000000148e+01
7.105799999999999272e+01
7.125333333333333030e+01
7.186133333333332018e+01
7.272399999999998954e+01
7.373000000000000398e+01
7.371999999999998465e+01
7.346266666666669209e+01
7.329066666666666663e+01
7.331600000000000250e+01
7.325533333333333985e+01
7.323133333333335315e+01
7.354466666666667152e+01
7.354733333333334144e+01
7.346000000000000796e+01
7.339533333333332621e+01
7.327800000000002001e+01
7.301866666666667527e+01
7.269642857142856940e+01
7.228266666666667106e+01
7.184733333333333860e+01
7.137466666666665560e+01
7.079066666666666663e+01
7.025333333333333030e+01
6.971928571428570365e+01
6.918866666666666276e+01
6.868533333333333246e+01
6.820066666666666322e+01
6.775866666666667015e+01
6.734133333333332416e+01
6.695399999999999352e+01
6.658466666666666356e+01
6.645666666666669187e+01
6.648733333333333917e+01
6.653400000000000603e+01
6.660600000000000875e+01
6.665800000000000125e+01
6.669133333333336111e+01
6.672000000000001307e+01
6.673133333333333894e+01
6.671642857142857963e+01
6.670333333333334735e+01
6.670533333333335690e+01
6.665733333333334087e+01
6.658466666666666356e+01
6.651600000000000534e+01
6.647400000000000375e+01
6.642400000000000659e+01
6.637533333333334440e+01
6.629133333333332700e+01
6.617199999999999704e+01
6.605799999999999272e+01
6.595666666666667766e+01
6.583066666666664446e+01
6.578199999999998226e+01
6.569599999999999795e+01
6.560466666666665958e+01
6.549533333333333474e+01
6.540000000000000568e+01
6.529599999999999227e+01
6.522333333333334338e+01
6.518666666666665321e+01
6.526800000000001489e+01
6.519866666666668209e+01
6.524066666666665526e+01
6.533400000000000318e+01
6.545733333333332382e+01
6.564076923076923720e+01
6.585466666666667379e+01
6.612733333333333974e+01
6.619599999999999795e+01
6.585733333333332951e+01
6.556399999999999295e+01
6.556666666666664867e+01
6.547066666666668766e+01
6.562466666666666981e+01
6.594200000000000728e+01
6.645000000000000284e+01
6.740333333333333599e+01
6.759266666666665913e+01
6.761333333333332973e+01
6.732599999999999341e+01
6.695928571428571274e+01
6.663466666666667493e+01
6.697333333333331495e+01
6.765666666666666629e+01
6.766200000000000614e+01
6.697133333333333383e+01
6.699666666666665549e+01
6.745999999999999375e+01
6.779357142857141127e+01
6.809400000000000830e+01
6.839733333333333576e+01
6.864466666666665162e+01
6.894866666666666788e+01
6.904199999999998738e+01
6.894333333333335645e+01
6.890733333333332666e+01
6.899333333333333940e+01
6.950153846153845905e+01
6.967666666666666231e+01
6.915133333333332644e+01
6.849000000000000909e+01
6.836133333333332018e+01
6.802600000000001046e+01
6.821866666666666390e+01
6.864533333333334042e+01
6.982666666666666799e+01
7.046866666666667811e+01
6.976933333333333564e+01
6.942333333333333201e+01
7.031266666666665799e+01
7.081714285714284074e+01
7.098866666666665992e+01
7.115533333333333132e+01
7.143333333333332291e+01
7.201533333333333076e+01
7.263200000000001921e+01
7.257066666666666777e+01
7.225733333333332098e+01
7.178666666666666174e+01
7.108599999999998431e+01
7.032133333333332814e+01
6.974733333333333007e+01
6.928466666666668061e+01
6.879733333333334144e+01
6.857066666666666777e+01
6.843533333333333246e+01
6.823799999999999955e+01
6.800000000000000000e+01
6.778600000000000136e+01
6.755133333333334633e+01
6.729600000000000648e+01
6.708933333333332882e+01
6.686466666666666470e+01
6.664000000000000057e+01
6.644933333333334247e+01
6.625500000000002387e+01
6.610199999999998965e+01
6.596400000000001285e+01
6.580866666666665310e+01
6.568599999999999284e+01
6.550666666666667481e+01
6.540533333333333132e+01
6.532733333333332837e+01
6.527266666666666595e+01
6.521066666666666833e+01
6.518999999999999773e+01
6.513800000000000523e+01
6.508800000000002228e+01
6.505461538461537430e+01
6.496933333333333849e+01
6.488857142857143856e+01
6.483666666666667311e+01
6.479599999999997806e+01
6.476599999999999113e+01
6.474866666666666504e+01
6.472333333333332916e+01
6.467199999999998283e+01
6.467133333333332246e+01
6.475066666666666038e+01
6.480666666666667197e+01
6.488733333333331643e+01
6.495200000000001239e+01
6.505400000000000205e+01
6.517533333333334156e+01
6.525466666666666526e+01
6.535249999999999204e+01
6.546800000000000352e+01
6.558533333333333815e+01
6.576266666666666083e+01
6.598199999999999932e+01
6.619133333333333269e+01
6.640599999999999170e+01
6.662200000000001410e+01
6.680066666666667174e+01
6.701666666666667993e+01
6.717266666666667163e+01
6.734933333333333394e+01
6.758066666666667288e+01
6.775142857142856201e+01
6.793533333333333246e+01
6.809999999999999432e+01
6.827333333333332632e+01
6.840399999999999636e+01
6.853466666666666640e+01
6.872533333333332450e+01
6.890333333333335020e+01
6.851428571428571956e+01
6.823466666666666924e+01
6.834866666666667356e+01
6.831533333333331370e+01
6.824733333333333007e+01
6.841066666666665697e+01
6.873066666666665014e+01
6.922533333333332450e+01
6.985799999999998988e+01
6.962199999999999989e+01
6.956733333333335167e+01
6.917333333333331780e+01
6.881400000000000716e+01
6.968466666666667209e+01
7.239066666666667516e+01
7.356866666666668664e+01
7.298466666666666924e+01
7.250066666666666038e+01
7.211399999999999011e+01
7.161333333333332973e+01
7.110133333333332928e+01
7.153399999999997760e+01
7.263733333333333064e+01
7.332266666666666310e+01
7.346500000000001762e+01
7.343466666666667209e+01
7.324266666666666481e+01
7.291499999999999204e+01
7.251999999999999602e+01
7.199800000000000466e+01
7.149533333333333474e+01
7.099733333333333007e+01
7.053642857142857281e+01
7.010399999999999920e+01
6.970799999999999841e+01
6.934266666666667334e+01
6.902133333333334519e+01
6.867599999999998772e+01
6.835466666666665958e+01
6.804500000000000171e+01
6.779400000000001114e+01
6.757666666666665378e+01
6.733866666666666845e+01
6.711333333333332973e+01
6.685571428571429919e+01
6.669199999999999307e+01
6.651769230769232877e+01
6.633066666666667288e+01
6.621333333333335247e+01
6.608999999999998920e+01
6.595666666666667766e+01
6.583266666666665401e+01
6.567266666666667163e+01
6.553600000000000136e+01
6.542333333333333201e+01
6.530599999999998317e+01
6.520933333333331916e+01
6.512466666666666981e+01
6.500333333333334451e+01
6.492133333333332246e+01
6.478933333333333167e+01
6.466533333333333644e+01
6.453799999999999670e+01
6.442000000000000171e+01
6.432933333333332371e+01
6.422400000000000375e+01
6.414666666666667538e+01
6.404599999999999227e+01
6.395857142857142463e+01
6.390066666666665895e+01
6.384733333333335281e+01
6.387066666666666492e+01
6.392133333333332956e+01
6.398466666666666214e+01
6.399533333333332763e+01
6.398666666666667169e+01
6.400666666666666060e+01
6.407666666666668220e+01
6.412999999999999545e+01
6.416857142857143970e+01
6.426333333333333542e+01
6.438933333333332598e+01
6.446266666666666367e+01
6.455800000000000693e+01
6.462199999999999989e+01
6.469600000000001216e+01
6.478666666666667595e+01
6.490666666666666629e+01
6.503933333333333167e+01
6.516533333333333644e+01
6.525133333333333496e+01
6.529933333333332257e+01
6.534666666666667822e+01
6.535399999999999920e+01
6.536266666666666936e+01
6.539333333333334508e+01
6.579199999999998738e+01
6.628999999999999204e+01
6.705400000000000205e+01
6.786133333333333439e+01
6.825866666666667015e+01
6.871800000000000352e+01
6.904866666666664798e+01
6.964666666666667538e+01
7.033466666666667777e+01
7.065933333333335042e+01
7.080000000000001137e+01
7.082066666666666777e+01
7.091666666666667140e+01
7.124666666666666970e+01
7.181199999999998340e+01
7.166266666666666652e+01
7.116599999999999682e+01
7.085866666666667868e+01
7.065866666666666163e+01
7.029799999999998761e+01
6.976133333333334008e+01
6.916133333333331734e+01
6.841666666666668561e+01
6.767400000000000659e+01
6.696599999999999397e+01
6.634000000000001762e+01
6.596800000000000352e+01
6.564799999999999613e+01
6.536733333333332041e+01
6.512666666666666515e+01
6.493733333333332780e+01
6.471800000000000352e+01
6.450133333333333496e+01
6.435200000000000387e+01
6.417866666666665765e+01
6.402666666666667084e+01
6.387666666666667936e+01
6.370733333333332382e+01
6.353400000000000603e+01
6.337199999999999989e+01
6.328200000000000358e+01
6.318133333333332047e+01
6.312600000000000477e+01
6.305533333333333701e+01
6.301466666666666328e+01
6.303333333333333144e+01
6.295066666666665611e+01
6.291466666666665475e+01
6.283466666666667066e+01
6.278933333333331746e+01
6.272600000000000620e+01
6.264384615384615529e+01
6.260857142857143032e+01
6.256199999999999051e+01
6.249800000000000466e+01
6.237133333333334662e+01
6.227999999999999403e+01
6.220357142857144339e+01
6.215428571428572013e+01
6.209533333333333616e+01
6.201866666666666816e+01
6.190999999999999659e+01
6.182666666666666089e+01
6.180199999999999960e+01
6.177999999999999403e+01
6.172466666666666413e+01
6.166133333333332445e+01
6.159800000000002029e+01
6.158933333333334303e+01
6.163199999999999790e+01
6.163933333333332598e+01
6.167200000000000415e+01
6.179800000000000182e+01
6.205666666666666487e+01
6.230933333333333479e+01
6.260999999999999943e+01
6.297399999999999665e+01
6.362799999999999301e+01
6.445866666666667300e+01
6.512666666666667936e+01
6.592733333333332268e+01
6.672533333333333871e+01
6.728000000000000114e+01
6.802666666666668505e+01
6.916533333333333644e+01
7.001000000000000512e+01
6.949666666666665549e+01
6.933933333333334303e+01
7.005666666666665776e+01
7.079999999999999716e+01
7.117928571428571161e+01
7.148499999999999943e+01
7.182500000000000284e+01
7.201928571428571502e+01
7.211933333333332996e+01
7.208214285714284131e+01
7.198071428571429919e+01
7.184133333333332416e+01
7.164600000000000080e+01
7.159733333333335281e+01
7.143999999999999773e+01
7.123666666666666458e+01
7.072333333333332916e+01
7.064666666666667538e+01
7.092200000000001125e+01
7.010733333333334372e+01
6.939600000000000080e+01
6.887133333333331109e+01
6.899066666666665526e+01
6.927666666666665662e+01
6.961799999999999500e+01
7.016533333333333644e+01
7.093999999999999773e+01
7.084133333333330995e+01
7.089000000000000057e+01
7.087800000000000011e+01
7.068066666666665299e+01
7.046199999999998909e+01
7.021399999999999864e+01
6.988133333333333042e+01
6.952466666666666129e+01
6.920933333333331916e+01
6.885733333333332951e+01
6.848466666666666924e+01
6.813599999999999568e+01
6.778733333333333633e+01
6.746666666666666856e+01
6.726266666666667504e+01
6.705133333333333212e+01
6.683857142857142719e+01
6.657933333333332371e+01
6.636733333333333462e+01
6.619285714285715017e+01
6.596533333333333360e+01
6.580133333333333212e+01
6.564600000000000080e+01
6.540466666666665674e+01
6.515666666666666629e+01
6.491666666666667140e+01
6.466799999999999216e+01
6.447733333333333405e+01
6.432928571428570308e+01
6.415800000000000125e+01
6.398599999999999000e+01
6.383399999999999608e+01
6.368333333333333002e+01
6.351466666666667038e+01
6.339866666666667072e+01
6.325199999999998823e+01
6.311733333333334883e+01
6.299533333333333474e+01
6.283466666666665645e+01
6.272866666666668323e+01
6.264466666666667294e+01
6.252600000000000335e+01
6.235866666666665736e+01
6.224066666666666947e+01
6.213133333333334463e+01
6.205199999999999960e+01
6.202857142857141781e+01
6.194866666666666077e+01
6.196600000000000819e+01
6.204666666666666686e+01
6.200133333333332786e+01
6.211933333333332996e+01
6.235933333333333906e+01
6.263266666666666538e+01
6.284333333333333371e+01
6.315333333333333599e+01
6.347600000000000620e+01
6.380666666666667908e+01
6.407200000000000273e+01
6.391599999999998971e+01
6.402466666666666129e+01
6.426214285714287655e+01
6.486666666666664582e+01
6.566333333333334110e+01
6.597066666666665924e+01
6.657266666666666310e+01
6.726266666666666083e+01
6.815866666666666163e+01
6.880066666666667174e+01
6.906133333333333724e+01
6.959733333333332439e+01
6.995999999999999375e+01
7.039533333333332621e+01
7.096733333333332894e+01
7.133933333333332882e+01
7.143733333333332780e+01
7.155399999999998784e+01
7.154999999999998295e+01
7.149533333333334895e+01
7.135599999999999454e+01
7.127666666666667084e+01
7.114400000000000546e+01
7.095599999999998886e+01
7.079066666666668084e+01
7.065857142857143458e+01
7.082466666666667265e+01
7.111999999999999034e+01
7.132933333333333792e+01
7.182599999999999341e+01
7.206266666666665799e+01
7.195266666666665856e+01
7.179666666666665265e+01
7.200133333333333496e+01
7.149666666666666970e+01
7.100466666666666526e+01
7.051785714285715301e+01
7.053999999999999204e+01
7.054933333333332257e+01
7.037333333333332064e+01
7.009333333333330529e+01
6.994866666666666788e+01
6.962133333333333951e+01
6.928066666666667572e+01
6.890600000000000591e+01
6.852666666666667084e+01
6.816733333333334599e+01
6.789200000000001012e+01
6.753600000000000136e+01
6.727133333333333098e+01
6.704000000000000625e+01
6.680400000000000205e+01
6.663466666666667493e+01
6.652333333333334053e+01
6.629466666666667152e+01
6.610466666666665958e+01
6.599066666666668368e+01
6.588333333333333997e+01
6.579733333333332723e+01
6.567466666666668118e+01
6.549933333333335383e+01
6.536999999999999034e+01
6.523866666666667413e+01
6.508800000000000807e+01
6.494066666666665810e+01
6.484199999999999875e+01
6.469142857142855974e+01
6.458133333333333326e+01
6.447999999999998977e+01
6.432199999999998852e+01
6.420000000000001705e+01
6.413533333333333530e+01
6.401500000000001478e+01
6.389133333333333553e+01
6.380666666666665776e+01
6.367666666666666231e+01
6.350800000000001688e+01
6.342066666666666208e+01
6.329571428571427560e+01
6.319466666666667010e+01
6.313733333333333775e+01
6.299866666666666504e+01
6.287600000000000477e+01
6.285066666666668311e+01
6.280333333333332035e+01
6.282714285714285296e+01
6.299133333333334406e+01
6.303999999999999915e+01
6.324733333333333007e+01
6.349266666666666481e+01
6.366666666666667140e+01
6.379933333333333678e+01
6.398066666666666436e+01
6.425933333333333053e+01
6.474785714285714278e+01
6.528199999999999648e+01
6.658200000000000784e+01
6.824399999999999977e+01
6.926800000000000068e+01
7.029133333333334122e+01
7.134133333333332416e+01
7.270733333333332382e+01
7.376466666666667038e+01
7.455866666666665310e+01
7.529533333333333189e+01
7.446933333333332428e+01
7.378733333333333633e+01
7.332333333333333769e+01
7.278199999999999648e+01
7.223333333333333428e+01
7.200466666666665105e+01
7.231733333333333746e+01
7.282999999999999829e+01
7.327714285714286291e+01
7.355999999999998806e+01
7.355999999999998806e+01
7.354933333333333678e+01
7.353400000000000603e+01
7.352533333333332166e+01
7.351066666666666549e+01
7.343066666666666720e+01
7.336066666666665981e+01
7.340999999999999659e+01
7.370866666666667300e+01
7.409666666666664980e+01
7.439600000000000080e+01
7.459933333333334815e+01
7.459200000000001296e+01
7.439733333333333576e+01
7.424133333333334406e+01
7.412800000000000011e+01
7.421399999999999864e+01
7.420933333333333337e+01
7.405199999999999250e+01
7.388866666666666561e+01
7.362800000000000011e+01
7.322733333333331984e+01
7.291866666666666674e+01
7.254066666666668084e+01
7.203733333333335054e+01
7.147666666666667368e+01
7.093200000000000216e+01
7.037733333333332553e+01
6.981066666666667686e+01
6.925933333333334474e+01
6.870866666666667300e+01
6.817000000000000171e+01
6.765733333333332666e+01
6.745466666666665390e+01
6.736800000000000921e+01
6.728199999999999648e+01
6.719999999999998863e+01
6.709866666666667356e+01
6.705133333333331791e+01
6.698866666666667413e+01
6.693466666666664366e+01
6.685000000000000853e+01
6.680933333333332769e+01
6.671933333333335270e+01
6.662533333333334440e+01
6.655214285714285438e+01
6.648200000000001353e+01
6.638733333333333064e+01
6.631533333333331370e+01
6.620400000000000773e+01
6.606799999999999784e+01
6.597600000000001330e+01
6.588533333333333530e+01
6.578999999999999204e+01
6.569466666666666299e+01
6.558133333333333326e+01
6.544133333333333269e+01
6.532933333333332371e+01
6.520866666666665878e+01
6.504933333333333678e+01
6.486133333333332018e+01
6.469333333333332803e+01
6.454999999999999716e+01
6.440400000000001057e+01
6.426200000000000045e+01
6.408714285714285097e+01
6.401799999999998647e+01
6.396666666666665435e+01
6.388066666666666293e+01
6.386000000000000654e+01
6.393200000000000927e+01
6.405666666666667197e+01
6.421866666666666390e+01
6.441933333333334133e+01
6.461400000000000432e+01
6.486133333333333439e+01
6.511666666666666003e+01
6.536400000000001853e+01
6.574866666666666504e+01
6.653466666666666640e+01
6.729428571428572070e+01
6.775399999999999068e+01
6.799466666666666015e+01
6.846571428571429863e+01
6.907466666666667265e+01
6.846399999999999864e+01
6.775600000000000023e+01
6.725533333333333985e+01
6.745333333333333314e+01
6.869466666666666299e+01
6.958733333333334770e+01
7.082642857142856485e+01
7.149571428571428555e+01
7.187866666666667470e+01
7.233599999999999852e+01
7.249666666666665549e+01
7.251800000000000068e+01
7.244800000000002171e+01
7.233733333333331927e+01
7.223133333333335315e+01
7.209666666666664980e+01
7.188866666666666561e+01
7.165200000000000102e+01
7.144599999999999795e+01
7.127333333333334053e+01
7.151266666666667504e+01
7.143266666666666254e+01
7.140799999999998704e+01
7.177428571428571047e+01
7.181199999999999761e+01
7.210399999999999920e+01
7.230866666666666731e+01
7.273999999999999488e+01
7.295571428571429351e+01
7.310466666666665958e+01
7.299466666666666015e+01
7.269533333333333758e+01
7.266400000000000148e+01
7.230600000000001160e+01
7.182133333333332814e+01
7.119799999999999329e+01
7.054333333333333655e+01
6.987533333333333019e+01
6.919733333333333292e+01
6.852399999999998670e+01
6.787066666666666492e+01
6.725133333333332075e+01
6.670666666666667766e+01
6.645866666666667300e+01
6.629266666666666197e+01
6.619266666666666765e+01
6.610266666666667845e+01
6.607133333333331393e+01
6.602466666666666129e+01
6.597800000000000864e+01
6.593800000000001660e+01
6.586866666666666958e+01
6.580333333333331325e+01
6.580266666666665287e+01
6.579466666666665731e+01
6.576399999999999579e+01
6.570400000000000773e+01
6.565866666666667584e+01
6.568133333333334178e+01
6.565999999999999659e+01
6.559333333333333371e+01
6.554533333333330347e+01
6.554333333333332234e+01
6.558333333333331439e+01
6.555400000000000205e+01
6.551666666666666572e+01
6.546066666666668254e+01
6.542800000000001148e+01
6.536999999999999034e+01
6.527933333333332655e+01
6.525000000000000000e+01
6.521733333333334315e+01
6.517785714285713539e+01
6.513333333333333997e+01
6.506266666666665799e+01
6.499733333333333007e+01
6.495399999999997931e+01
6.492733333333332268e+01
6.489266666666667049e+01
6.491666666666665719e+01
6.494533333333333758e+01
6.496866666666667811e+01
6.496533333333334781e+01
6.501066666666665128e+01
6.525266666666665571e+01
6.551599999999999113e+01
6.584466666666666868e+01
6.613133333333333042e+01
6.608400000000000318e+01
6.623066666666667857e+01
6.639266666666667049e+01
6.683066666666665867e+01
6.729266666666666197e+01
6.790666666666666629e+01
6.890133333333332644e+01
7.054933333333333678e+01
7.156000000000000227e+01
7.117533333333334156e+01
7.112333333333332064e+01
7.127999999999998693e+01
7.193599999999997863e+01
7.305714285714284983e+01
7.369800000000000750e+01
7.399733333333333007e+01
7.395066666666667743e+01
7.340214285714284870e+01
7.328199999999998226e+01
7.341266666666668073e+01
7.361933333333332996e+01
7.355199999999997829e+01
7.348866666666667413e+01
7.340066666666665185e+01
7.333266666666666822e+01
7.343733333333334201e+01
7.393200000000000216e+01
7.513071428571429067e+01
7.498199999999999932e+01
7.417266666666665742e+01
7.378600000000001558e+01
7.349200000000000443e+01
7.321733333333331473e+01
7.297333333333332916e+01
7.264200000000001012e+01
7.236599999999998545e+01
7.220199999999999818e+01
7.226199999999998624e+01
7.329666666666668107e+01
7.402466666666666129e+01
7.482399999999999807e+01
7.554733333333334144e+01
7.610133333333332928e+01
7.638199999999999079e+01
7.601785714285713880e+01
7.553000000000000114e+01
7.492066666666667629e+01
7.417000000000000171e+01
7.344857142857142662e+01
7.269599999999999795e+01
7.199399999999999977e+01
7.131933333333333280e+01
7.067333333333334622e+01
7.008799999999999386e+01
6.951066666666665128e+01
6.897066666666665924e+01
6.846533333333333360e+01
6.798333333333333428e+01
6.764266666666665628e+01
6.758666666666664469e+01
6.754066666666663821e+01
6.753733333333330791e+01
6.758733333333333348e+01
6.765066666666668027e+01
6.770200000000001239e+01
6.776799999999998647e+01
6.776733333333332610e+01
6.775066666666666038e+01
6.770400000000002194e+01
6.768733333333332780e+01
6.767866666666667186e+01
6.766799999999999216e+01
6.767142857142857792e+01
6.771333333333333826e+01
6.766133333333331734e+01
6.762000000000000455e+01
6.756266666666665799e+01
6.753799999999998249e+01
6.750800000000000978e+01
6.746666666666665435e+01
6.741933333333332712e+01
6.733666666666664469e+01
6.727799999999999159e+01
6.717533333333332735e+01
6.707199999999997431e+01
6.709866666666667356e+01
6.720333333333333314e+01
6.712444444444444969e+01
6.715399999999999636e+01
6.725199999999998113e+01
6.736999999999999034e+01
6.753933333333334588e+01
6.770399999999999352e+01
6.784933333333333394e+01
6.791600000000001103e+01
6.799333333333332519e+01
6.814666666666666117e+01
6.825266666666665571e+01
6.812999999999998124e+01
6.782866666666664912e+01
6.757599999999999341e+01
6.731857142857143117e+01
6.715533333333334554e+01
6.728000000000000114e+01
6.746866666666664969e+01
6.762266666666667447e+01
6.781266666666665799e+01
6.800199999999999534e+01
6.819066666666667231e+01
6.835133333333331507e+01
6.850733333333330677e+01
6.838399999999998613e+01
6.813333333333332575e+01
6.793000000000000682e+01
6.773200000000001353e+01
6.752066666666665640e+01
6.739466666666666583e+01
6.752266666666665174e+01
6.817199999999999704e+01
6.856933333333333280e+01
6.902133333333333098e+01
6.966400000000000148e+01
7.027466666666666129e+01
7.082733333333334258e+01
7.180533333333333701e+01
7.216400000000000148e+01
7.165400000000001057e+01
7.133266666666666822e+01
7.096266666666666367e+01
7.066599999999999682e+01
7.039199999999999591e+01
7.022133333333333383e+01
7.077500000000000568e+01
7.069133333333333269e+01
7.196266666666666367e+01
7.237600000000000477e+01
7.293266666666666254e+01
7.332933333333333792e+01
7.350199999999999534e+01
7.329266666666667618e+01
7.290333333333333599e+01
7.231600000000000250e+01
7.169200000000000728e+01
7.106600000000000250e+01
7.036333333333332973e+01
6.968357142857142605e+01
6.906333333333333258e+01
6.852133333333334519e+01
6.825600000000001444e+01
6.806400000000000716e+01
6.787333333333332064e+01
6.778466666666665219e+01
6.771599999999999397e+01
6.765066666666666606e+01
6.758266666666665401e+01
6.748666666666666458e+01
6.740466666666665674e+01
6.734599999999998943e+01
6.731399999999997874e+01
6.726666666666666572e+01
6.723066666666666436e+01
6.721133333333334292e+01
6.716066666666667118e+01
6.708199999999997942e+01
6.706133333333332303e+01
6.704266666666664776e+01
6.704333333333332234e+01
6.701133333333334008e+01
6.699800000000000466e+01
6.701000000000000512e+01
6.696800000000000352e+01
6.695333333333333314e+01
6.693928571428571672e+01
6.691466666666666185e+01
6.686933333333332996e+01
6.684933333333334815e+01
6.686866666666666958e+01
6.685600000000000875e+01
6.680933333333332769e+01
6.674133333333334406e+01
6.667600000000000193e+01
6.659733333333333860e+01
6.656666666666666288e+01
6.656000000000000227e+01
6.656933333333334701e+01
6.652199999999999136e+01
6.645200000000001239e+01
6.641533333333333644e+01
6.635000000000000853e+01
6.628066666666667572e+01
6.621266666666669209e+01
6.615533333333333132e+01
6.614733333333334997e+01
6.608333333333334281e+01
6.604642857142856371e+01
6.597466666666667834e+01
6.591933333333332712e+01
6.583866666666666845e+01
6.575600000000000023e+01
6.571266666666667788e+01
6.570933333333334758e+01
6.570133333333335202e+01
6.564266666666667049e+01
6.557866666666663491e+01
6.554133333333331279e+01
6.554199999999998738e+01
6.551999999999999602e+01
6.553733333333330791e+01
6.552333333333332632e+01
6.551666666666666572e+01
6.552666666666665662e+01
6.555428571428569740e+01
6.557333333333333769e+01
6.559733333333332439e+01
6.554733333333332723e+01
6.545933333333333337e+01
6.540599999999999170e+01
6.533733333333333348e+01
6.525200000000000955e+01
6.520666666666667766e+01
6.509599999999998943e+01
6.497533333333333871e+01
6.483199999999999363e+01
6.464266666666667049e+01
6.447133333333333383e+01
6.428866666666667129e+01
6.408666666666665890e+01
6.389466666666666583e+01
6.369800000000000750e+01
6.350133333333333496e+01
6.325466666666666526e+01
6.298999999999998778e+01
6.275800000000000267e+01
6.254333333333333655e+01
6.237399999999999523e+01
6.220799999999999841e+01
6.200733333333333519e+01
6.178266666666667817e+01
6.158599999999998431e+01
6.139333333333332376e+01
6.117866666666665765e+01
6.100266666666667703e+01
6.083399999999999608e+01
6.061733333333334173e+01
6.036399999999999721e+01
6.011466666666667180e+01
5.990933333333334332e+01
5.969466666666666299e+01
5.950285714285714533e+01
5.929933333333333678e+01
5.907400000000000517e+01
5.884199999999999164e+01
5.860000000000000142e+01
5.840800000000000836e+01
5.819466666666666299e+01
5.795866666666666589e+01
5.775266666666667703e+01
5.757866666666665623e+01
5.736133333333332729e+01
5.714800000000000324e+01
5.694733333333333292e+01
5.678800000000000381e+01
5.665200000000000813e+01
5.647866666666665481e+01
5.631799999999999784e+01
5.615928571428572269e+01
5.600785714285713368e+01
5.583933333333332172e+01
5.565666666666666629e+01
5.551933333333334275e+01
5.535000000000000142e+01
5.521066666666665412e+01
5.528666666666666885e+01
5.538333333333332575e+01
5.510399999999999920e+01
5.507333333333333769e+01
5.507133333333334235e+01
5.519133333333333979e+01
5.540076923076923521e+01
5.554999999999999005e+01
5.561999999999999034e+01
5.566066666666665697e+01
5.570333333333334025e+01
5.580000000000001847e+01
5.586400000000000432e+01
5.610200000000000387e+01
5.678333333333333144e+01
5.737133333333333240e+01
5.808666666666666600e+01
5.880333333333332746e+01
5.947266666666666168e+01
6.020466666666666811e+01
6.082066666666666777e+01
6.148066666666667146e+01
6.210333333333333883e+01
6.265000000000000568e+01
6.313733333333333775e+01
6.356733333333333036e+01
6.392133333333332956e+01
6.418800000000001660e+01
6.433933333333332882e+01
6.446600000000000819e+01
6.459800000000001319e+01
6.462866666666666049e+01
6.461266666666666936e+01
6.467333333333334622e+01
6.474466666666667436e+01
6.475600000000000023e+01
6.473733333333333917e+01
6.481400000000000716e+01
6.511799999999999500e+01
6.544642857142856940e+01
6.599866666666665083e+01
6.651600000000000534e+01
6.662199999999999989e+01
6.666266666666668073e+01
6.656499999999998352e+01
6.658533333333333815e+01
6.650466666666666526e+01
6.659199999999999875e+01
6.658799999999999386e+01
6.631666666666666288e+01
6.600933333333334474e+01
6.568933333333332314e+01
6.543266666666666254e+01
6.518133333333334178e+01
6.483200000000000784e+01
6.443866666666666276e+01
6.405066666666667174e+01
6.365933333333334332e+01
6.326733333333333320e+01
6.287200000000000699e+01
6.252000000000000313e+01
6.219200000000000728e+01
6.187999999999998835e+01
6.158466666666666356e+01
6.133866666666667555e+01
6.112666666666666515e+01
6.088599999999999568e+01
6.064733333333332865e+01
6.042642857142856627e+01
6.023733333333333917e+01
6.003333333333333144e+01
5.985733333333333661e+01
5.971933333333332428e+01
5.960866666666667157e+01
5.948384615384615159e+01
5.936466666666667180e+01
5.925428571428570734e+01
5.914571428571429124e+01
5.901466666666666328e+01
5.886533333333333218e+01
5.879533333333332479e+01
5.870733333333333093e+01
5.861866666666667669e+01
5.851133333333334008e+01
5.839866666666667072e+01
5.827866666666667328e+01
5.815466666666666384e+01
5.805999999999998096e+01
5.797785714285714675e+01
5.793857142857142151e+01
5.789000000000000057e+01
5.783199999999999363e+01
5.775466666666667237e+01
5.766866666666666674e+01
5.753733333333332922e+01
5.749266666666667192e+01
5.775533333333333275e+01
5.790666666666666629e+01
5.807999999999999829e+01
5.849000000000000909e+01
5.878200000000000358e+01
5.912642857142856911e+01
5.945666666666667055e+01
5.971733333333332183e+01
5.967428571428571615e+01
5.959799999999999898e+01
6.001066666666666549e+01
6.081866666666665111e+01
6.102214285714286746e+01
6.163533333333332820e+01
6.243466666666666498e+01
6.349133333333333695e+01
6.454333333333332234e+01
6.560999999999999943e+01
6.557466666666667265e+01
6.485999999999999943e+01
6.419071428571427873e+01
6.367666666666668362e+01
6.417333333333334622e+01
6.457666666666666799e+01
6.515266666666666140e+01
6.600133333333333496e+01
6.667066666666666208e+01
6.717466666666665276e+01
6.756199999999999761e+01
6.792399999999999238e+01
6.821333333333332405e+01
6.844066666666667231e+01
6.826714285714287200e+01
6.802066666666667061e+01
6.778133333333333610e+01
6.752466666666666129e+01
6.739000000000000057e+01
6.759866666666668777e+01
6.782066666666666777e+01
6.811733333333333462e+01
6.826533333333331655e+01
6.842533333333334156e+01
6.866333333333334110e+01
6.891133333333331734e+01
